9.584218e-01 -2.853555e-01 -2.122147e-06 -2.484883e+00 2.853555e-01 9.584217e-01 -1.219701e-04 9.608681e-01 3.683875e-05 1.162932e-04 1.000000e+00 -2.474836e-02
8.372945e-01 -5.467522e-01 1.383682e-04 -2.478614e+00 5.467117e-01 8.372292e-01 -1.239378e-02 9.817057e-01 6.660481e-03 1.045289e-02 9.999232e-01 -2.485961e-02
6.469715e-01 -7.625140e-01 5.210750e-04 -1.542129e+00 7.622890e-01 6.467636e-01 -2.474610e-02 1.579112e+00 1.853224e-02 1.640723e-02 9.996936e-01 -1.738355e-02
4.015250e-01 -9.158468e-01 1.540704e-03 -6.683585e-01 9.152439e-01 4.011985e-01 -3.699013e-02 2.614858e+00 3.325917e-02 1.626258e-02 9.993144e-01 7.425951e-03
1.297545e-01 -9.915375e-01 4.132092e-03 -1.729974e-02 9.904941e-01 1.294238e-01 -4.659253e-02 4.073720e+00 4.566345e-02 1.013840e-02 9.989054e-01 6.139884e-02
-7.088884e-02 -9.974344e-01 9.966770e-03 1.696706e-01 9.967070e-01 -7.122443e-02 -3.875844e-02 5.751752e+00 3.936888e-02 7.186409e-03 9.991989e-01 1.649157e-01
-3.555077e-03 -9.999253e-01 1.169690e-02 2.847569e-02 9.999884e-01 -3.592841e-03 -3.209162e-03 7.458336e+00 3.250947e-03 1.168536e-02 9.999264e-01 2.564027e-01
-4.934096e-03 -9.999828e-01 3.166235e-03 5.598565e-02 9.999878e-01 -4.935118e-03 -3.150346e-04 8.917701e+00 3.306550e-04 3.164642e-03 9.999949e-01 2.930307e-01
-1.884977e-03 -9.999938e-01 -2.971439e-03 7.143107e-02 9.999966e-01 -1.890394e-03 1.821478e-03 1.073057e+01 -1.827084e-03 -2.967995e-03 9.999939e-01 3.170894e-01
-2.134807e-03 -9.997661e-01 2.152151e-02 2.120279e-02 9.999813e-01 -2.010995e-03 5.772930e-03 1.274924e+01 -5.728300e-03 2.153343e-02 9.997517e-01 2.206607e-01
-7.030035e-04 -9.999306e-01 1.176365e-02 5.131109e-02 9.999752e-01 -6.204320e-04 7.021389e-03 1.467079e+01 -7.013602e-03 1.176829e-02 9.999062e-01 2.399697e-01
9.676617e-04 -9.999608e-01 8.804693e-03 5.861418e-02 9.999629e-01 1.042953e-03 8.550706e-03 1.575927e+01 -8.559554e-03 8.796092e-03 9.999247e-01 2.507118e-01
9.532627e-04 -9.999606e-01 8.826260e-03 5.313618e-02 9.999889e-01 9.939796e-04 4.609922e-03 1.684768e+01 -4.618514e-03 8.821767e-03 9.999504e-01 2.559054e-01
2.589843e-03 -9.999802e-01 5.737692e-03 5.831740e-02 9.999766e-01 2.626075e-03 6.316236e-03 1.801170e+01 -6.331178e-03 5.721200e-03 9.999636e-01 2.655266e-01
4.903335e-03 -9.999810e-01 3.732601e-03 5.002739e-02 9.999803e-01 4.917878e-03 3.897136e-03 1.926311e+01 -3.915418e-03 3.713419e-03 9.999854e-01 2.588836e-01
3.405242e-03 -9.999214e-01 1.206516e-02 6.792648e-02 9.999823e-01 3.463829e-03 4.838335e-03 2.056269e+01 -4.879746e-03 1.204847e-02 9.999155e-01 2.288960e-01
2.368163e-03 -9.999803e-01 5.810726e-03 5.756634e-02 9.999961e-01 2.376729e-03 1.467680e-03 2.175930e+01 -1.481462e-03 5.807228e-03 9.999820e-01 2.472418e-01
2.980044e-03 -9.999924e-01 2.532315e-03 6.605804e-02 9.999886e-01 2.989476e-03 3.728972e-03 2.296195e+01 -3.736514e-03 2.521174e-03 9.999898e-01 2.617585e-01
3.661883e-03 -9.999650e-01 7.526842e-03 6.818841e-02 9.999783e-01 3.702995e-03 5.455417e-03 2.419997e+01 -5.483097e-03 7.506702e-03 9.999568e-01 2.459208e-01
3.000516e-03 -9.999765e-01 6.169857e-03 8.811432e-02 9.999779e-01 3.037032e-03 5.917629e-03 2.549578e+01 -5.936227e-03 6.151964e-03 9.999635e-01 2.498785e-01
2.394673e-03 -9.999932e-01 2.804510e-03 9.891786e-02 9.999653e-01 2.416962e-03 7.971118e-03 2.678633e+01 -7.977842e-03 2.785324e-03 9.999643e-01 2.510762e-01
7.669247e-04 -9.999627e-01 8.605261e-03 1.146084e-01 9.999684e-01 8.350101e-04 7.911261e-03 2.811275e+01 -7.918151e-03 8.598922e-03 9.999317e-01 2.259656e-01
7.403454e-04 -9.999752e-01 7.004329e-03 1.177901e-01 9.999730e-01 7.914895e-04 7.301834e-03 2.941290e+01 -7.307197e-03 6.998735e-03 9.999488e-01 2.253731e-01
6.328095e-04 -9.999821e-01 5.948158e-03 1.262909e-01 9.999541e-01 6.896253e-04 9.554642e-03 3.075517e+01 -9.558573e-03 5.941839e-03 9.999367e-01 2.139870e-01
7.765572e-04 -9.999940e-01 -3.381608e-03 1.257854e-01 9.999385e-01 7.390789e-04 1.107015e-02 3.208113e+01 -1.106758e-02 -3.389996e-03 9.999330e-01 2.182016e-01
-1.969715e-03 -9.998543e-01 1.695379e-02 1.297707e-01 9.999260e-01 -1.765725e-03 1.203867e-02 3.344179e+01 -1.200698e-02 1.697625e-02 9.997838e-01 1.978988e-01
-2.919984e-03 -9.998887e-01 1.463030e-02 1.377027e-01 9.999251e-01 -2.745561e-03 1.192797e-02 3.485775e+01 -1.188647e-02 1.466404e-02 9.998218e-01 1.877306e-01
-4.411532e-03 -9.999430e-01 9.724891e-03 1.308537e-01 9.999191e-01 -4.294957e-03 1.197578e-02 3.630449e+01 -1.193333e-02 9.776935e-03 9.998810e-01 1.763660e-01
-6.181001e-03 -9.999118e-01 1.175828e-02 1.316736e-01 9.999030e-01 -6.033327e-03 1.255349e-02 3.767192e+01 -1.248144e-02 1.183473e-02 9.998521e-01 1.614803e-01
-8.597857e-03 -9.999234e-01 8.898655e-03 1.290453e-01 9.998739e-01 -8.477929e-03 1.342818e-02 3.910934e+01 -1.335171e-02 9.012986e-03 9.998702e-01 1.589320e-01
-1.347394e-02 -9.996878e-01 2.104169e-02 1.139148e-01 9.998087e-01 -1.317124e-02 1.445838e-02 4.060183e+01 -1.417672e-02 2.123248e-02 9.996740e-01 1.334749e-01
-2.422229e-02 -9.995146e-01 -1.959307e-02 7.444500e-02 9.995973e-01 -2.450483e-02 1.431104e-02 4.202655e+01 -1.478422e-02 -1.923853e-02 9.997056e-01 1.431383e-01
-3.814088e-02 -9.992402e-01 8.018087e-03 3.264941e-02 9.991728e-01 -3.802260e-02 1.441947e-02 4.340879e+01 -1.410364e-02 8.561426e-03 9.998639e-01 1.341847e-01
-5.537284e-02 -9.982966e-01 1.837895e-02 -1.177805e-02 9.983653e-01 -5.509684e-02 1.519839e-02 4.498189e+01 -1.415988e-02 1.919048e-02 9.997156e-01 1.172595e-01
-7.164690e-02 -9.971970e-01 -2.155904e-02 -1.400273e-01 9.971902e-01 -7.208692e-02 2.037531e-02 4.636774e+01 -2.187232e-02 -2.003863e-02 9.995599e-01 1.086293e-01
-8.606006e-02 -9.962725e-01 5.901889e-03 -2.489899e-01 9.960890e-01 -8.592220e-02 2.059551e-02 4.779060e+01 -2.001163e-02 7.651257e-03 9.997705e-01 8.258893e-02
-9.861532e-02 -9.948314e-01 -2.419860e-02 -3.950559e-01 9.947928e-01 -9.918203e-02 2.345538e-02 4.924710e+01 -2.573422e-02 -2.175954e-02 9.994320e-01 6.770536e-02
-1.064268e-01 -9.943202e-01 8.092078e-04 -5.127091e-01 9.940682e-01 -1.063815e-01 2.261283e-02 5.071021e+01 -2.239831e-02 3.211020e-03 9.997440e-01 4.571179e-02
-1.117082e-01 -9.937239e-01 5.843942e-03 -6.506160e-01 9.935140e-01 -1.115551e-01 2.203407e-02 5.220481e+01 -2.124386e-02 8.267425e-03 9.997401e-01 3.165737e-02
-1.128593e-01 -9.930729e-01 -3.269426e-02 -8.384027e-01 9.931811e-01 -1.137172e-01 2.568479e-02 5.357006e+01 -2.922477e-02 -2.957256e-02 9.991353e-01 -2.242897e-03
-1.144273e-01 -9.933646e-01 -1.154217e-02 -9.703683e-01 9.931834e-01 -1.146507e-01 2.102406e-02 5.498660e+01 -2.220787e-02 -9.057766e-03 9.997123e-01 -2.843233e-02
-1.156279e-01 -9.926668e-01 -3.525330e-02 -1.142288e+00 9.929414e-01 -1.164579e-01 2.247150e-02 5.640483e+01 -2.641223e-02 -3.240613e-02 9.991257e-01 -6.518824e-02
-1.159201e-01 -9.929435e-01 -2.501592e-02 -1.284683e+00 9.928414e-01 -1.165646e-01 2.605251e-02 5.777339e+01 -2.878464e-02 -2.181683e-02 9.993475e-01 -1.075105e-01
-1.143668e-01 -9.930809e-01 -2.665641e-02 -1.448613e+00 9.931317e-01 -1.149572e-01 2.177873e-02 5.923605e+01 -2.469239e-02 -2.398257e-02 9.994074e-01 -1.257153e-01
-1.100580e-01 -9.935526e-01 -2.721238e-02 -1.605330e+00 9.935305e-01 -1.107446e-01 2.515462e-02 6.069231e+01 -2.800606e-02 -2.426786e-02 9.993131e-01 -1.599761e-01
-1.023169e-01 -9.943377e-01 -2.870232e-02 -1.756764e+00 9.942964e-01 -1.031005e-01 2.729308e-02 6.222117e+01 -3.009776e-02 -2.574607e-02 9.992153e-01 -1.958404e-01
-9.267616e-02 -9.952722e-01 -2.905921e-02 -1.918468e+00 9.951830e-01 -9.352589e-02 2.938732e-02 6.365364e+01 -3.196617e-02 -2.619573e-02 9.991456e-01 -2.413882e-01
-8.383446e-02 -9.959582e-01 -3.223505e-02 -2.062263e+00 9.960240e-01 -8.473044e-02 2.751165e-02 6.518581e+01 -3.013175e-02 -2.980046e-02 9.991016e-01 -2.856989e-01
-7.394495e-02 -9.967387e-01 -3.231321e-02 -2.195064e+00 9.967363e-01 -7.491941e-02 3.006357e-02 6.674218e+01 -3.238641e-02 -2.998470e-02 9.990255e-01 -3.250701e-01
-6.498585e-02 -9.974808e-01 -2.843997e-02 -2.293078e+00 9.972223e-01 -6.595564e-02 3.460430e-02 6.826199e+01 -3.639291e-02 -2.611218e-02 9.989964e-01 -3.655844e-01
-5.749877e-02 -9.980064e-01 -2.602052e-02 -2.376834e+00 9.977829e-01 -5.832176e-02 3.205933e-02 6.984942e+01 -3.351298e-02 -2.411945e-02 9.991472e-01 -4.178082e-01
-4.929976e-02 -9.985169e-01 -2.309967e-02 -2.454574e+00 9.982322e-01 -5.002801e-02 3.208720e-02 7.143941e+01 -3.319524e-02 -2.147695e-02 9.992181e-01 -4.608225e-01
-4.185370e-02 -9.988263e-01 -2.437824e-02 -2.521646e+00 9.984904e-01 -4.268337e-02 3.457017e-02 7.306706e+01 -3.557014e-02 -2.289455e-02 9.991049e-01 -5.049946e-01
-3.610948e-02 -9.990034e-01 -2.623684e-02 -2.583050e+00 9.987926e-01 -3.695199e-02 3.236976e-02 7.473770e+01 -3.330700e-02 -2.503631e-02 9.991315e-01 -5.564246e-01
-3.263414e-02 -9.991100e-01 -2.672308e-02 -2.626652e+00 9.990118e-01 -3.341477e-02 2.930583e-02 7.641985e+01 -3.017269e-02 -2.574030e-02 9.992132e-01 -6.051663e-01
-2.801094e-02 -9.992009e-01 -2.851239e-02 -2.693871e+00 9.991448e-01 -2.885446e-02 2.961577e-02 7.807562e+01 -3.041481e-02 -2.765844e-02 9.991546e-01 -6.441732e-01
-2.483463e-02 -9.993427e-01 -2.640980e-02 -2.721391e+00 9.992024e-01 -2.564014e-02 3.061209e-02 7.979543e+01 -3.126912e-02 -2.562849e-02 9.991824e-01 -6.896688e-01
-2.300492e-02 -9.994622e-01 -2.336692e-02 -2.744659e+00 9.992428e-01 -2.372093e-02 3.084166e-02 8.157812e+01 -3.137936e-02 -2.263972e-02 9.992511e-01 -7.364877e-01
-1.990369e-02 -9.994727e-01 -2.565546e-02 -2.780478e+00 9.994061e-01 -2.061124e-02 2.761628e-02 8.329666e+01 -2.813050e-02 -2.509056e-02 9.992893e-01 -7.795031e-01
-1.798234e-02 -9.994787e-01 -2.681341e-02 -2.806919e+00 9.994115e-01 -1.875171e-02 2.872332e-02 8.509675e+01 -2.921114e-02 -2.628112e-02 9.992277e-01 -8.191779e-01
-1.496475e-02 -9.995565e-01 -2.574684e-02 -2.835423e+00 9.993602e-01 -1.578843e-02 3.209145e-02 8.692160e+01 -3.248371e-02 -2.525013e-02 9.991533e-01 -8.627438e-01
-1.279849e-02 -9.995804e-01 -2.598514e-02 -2.851374e+00 9.995002e-01 -1.354003e-02 2.856446e-02 8.875074e+01 -2.890431e-02 -2.560657e-02 9.992541e-01 -9.203160e-01
-1.234513e-02 -9.996371e-01 -2.394145e-02 -2.835386e+00 9.996318e-01 -1.291653e-02 2.386061e-02 9.058655e+01 -2.416119e-02 -2.363807e-02 9.994286e-01 -9.637346e-01
-1.099782e-02 -9.995966e-01 -2.618496e-02 -2.867569e+00 9.996894e-01 -1.157700e-02 2.207081e-02 9.245044e+01 -2.236505e-02 -2.593410e-02 9.994134e-01 -9.942763e-01
-1.027468e-02 -9.995957e-01 -2.651281e-02 -2.866006e+00 9.996385e-01 -1.092664e-02 2.456378e-02 9.432784e+01 -2.484355e-02 -2.625085e-02 9.993466e-01 -1.017167e+00
-9.177070e-03 -9.996497e-01 -2.482280e-02 -2.863877e+00 9.995885e-01 -9.845485e-03 2.694066e-02 9.623877e+01 -2.717562e-02 -2.456535e-02 9.993288e-01 -1.057939e+00
-9.674372e-03 -9.997297e-01 -2.114210e-02 -2.859450e+00 9.997612e-01 -1.008469e-02 1.938789e-02 9.815585e+01 -1.959586e-02 -2.094948e-02 9.995885e-01 -1.104837e+00
-9.214059e-03 -9.998292e-01 -1.601934e-02 -2.837022e+00 9.997358e-01 -9.548172e-03 2.090701e-02 1.001098e+02 -2.105639e-02 -1.582247e-02 9.996531e-01 -1.119854e+00
-8.160456e-03 -9.998116e-01 -1.761451e-02 -2.862118e+00 9.995616e-01 -8.657252e-03 2.831431e-02 1.020863e+02 -2.846147e-02 -1.737573e-02 9.994439e-01 -1.143834e+00
-8.226156e-03 -9.998452e-01 -1.555105e-02 -2.851579e+00 9.994218e-01 -8.733776e-03 3.286112e-02 1.040823e+02 -3.299186e-02 -1.527174e-02 9.993389e-01 -1.193153e+00
-6.594613e-03 -9.998692e-01 -1.476617e-02 -2.853741e+00 9.995746e-01 -7.010763e-03 2.831052e-02 1.060844e+02 -2.841033e-02 -1.457319e-02 9.994901e-01 -1.250227e+00
-6.394005e-03 -9.998691e-01 -1.486541e-02 -2.873570e+00 9.996962e-01 -6.745366e-03 2.370747e-02 1.081223e+02 -2.380463e-02 -1.470931e-02 9.996084e-01 -1.300073e+00
-3.483695e-04 -9.998933e-01 -1.460137e-02 -2.899940e+00 9.996472e-01 -7.359808e-04 2.654927e-02 1.103462e+02 -2.655718e-02 -1.458697e-02 9.995409e-01 -1.330970e+00
4.897910e-03 -9.999100e-01 -1.248979e-02 -2.915824e+00 9.996517e-01 4.572002e-03 2.599037e-02 1.125847e+02 -2.593093e-02 -1.261274e-02 9.995842e-01 -1.372301e+00
6.408804e-03 -9.999094e-01 -1.183893e-02 -2.907051e+00 9.996946e-01 6.123934e-03 2.394364e-02 1.147036e+02 -2.386897e-02 -1.198877e-02 9.996432e-01 -1.414966e+00
3.807896e-03 -9.999126e-01 -1.266105e-02 -2.888943e+00 9.997546e-01 3.530403e-03 2.186768e-02 1.167771e+02 -2.182107e-02 -1.274121e-02 9.996807e-01 -1.448622e+00
3.198780e-03 -9.999002e-01 -1.375984e-02 -2.877170e+00 9.997612e-01 2.900266e-03 2.166011e-02 1.188675e+02 -2.161804e-02 -1.382584e-02 9.996707e-01 -1.479950e+00
3.543424e-03 -9.998506e-01 -1.691813e-02 -2.837350e+00 9.997522e-01 3.170265e-03 2.203281e-02 1.209736e+02 -2.197588e-02 -1.699201e-02 9.996141e-01 -1.509856e+00
3.224285e-03 -9.998774e-01 -1.532070e-02 -2.816529e+00 9.997610e-01 2.891839e-03 2.167194e-02 1.230263e+02 -2.162498e-02 -1.538691e-02 9.996477e-01 -1.536351e+00
3.179465e-03 -9.999002e-01 -1.376294e-02 -2.808954e+00 9.997214e-01 2.856371e-03 2.343200e-02 1.251473e+02 -2.339035e-02 -1.383361e-02 9.996307e-01 -1.557126e+00
3.172858e-03 -9.999302e-01 -1.138192e-02 -2.791007e+00 9.997423e-01 2.916024e-03 2.251111e-02 1.272395e+02 -2.247635e-02 -1.145042e-02 9.996818e-01 -1.584316e+00
2.527835e-03 -9.999322e-01 -1.136824e-02 -2.767374e+00 9.998275e-01 2.318060e-03 1.842819e-02 1.293389e+02 -1.840059e-02 -1.141286e-02 9.997656e-01 -1.614661e+00
3.402069e-03 -9.999287e-01 -1.144497e-02 -2.747893e+00 9.998557e-01 3.210885e-03 1.668173e-02 1.313891e+02 -1.664379e-02 -1.150007e-02 9.997953e-01 -1.633603e+00
2.105432e-03 -9.999222e-01 -1.229481e-02 -2.755292e+00 9.998859e-01 1.921130e-03 1.498283e-02 1.335045e+02 -1.495805e-02 -1.232495e-02 9.998122e-01 -1.648572e+00
9.488895e-04 -9.999038e-01 -1.384042e-02 -2.747918e+00 9.999028e-01 7.561799e-04 1.392228e-02 1.355927e+02 -1.391047e-02 -1.385228e-02 9.998073e-01 -1.663362e+00
5.979436e-05 -9.998650e-01 -1.642958e-02 -2.723685e+00 9.999165e-01 -1.525465e-04 1.292274e-02 1.377059e+02 -1.292351e-02 -1.642898e-02 9.997815e-01 -1.674979e+00
1.151859e-05 -9.998639e-01 -1.649765e-02 -2.715743e+00 9.999134e-01 -2.056585e-04 1.316237e-02 1.397970e+02 -1.316397e-02 -1.649637e-02 9.997773e-01 -1.677678e+00
-4.465200e-04 -9.999697e-01 -7.772627e-03 -2.703160e+00 9.998171e-01 -5.950536e-04 1.911802e-02 1.419207e+02 -1.912206e-02 -7.762669e-03 9.997870e-01 -1.697914e+00
-2.404809e-04 -9.999102e-01 -1.339635e-02 -2.699520e+00 9.999670e-01 -3.492808e-04 8.119862e-03 1.440235e+02 -8.123812e-03 -1.339396e-02 9.998773e-01 -1.713212e+00
2.292246e-03 -9.998775e-01 -1.548363e-02 -2.695384e+00 9.999523e-01 2.144859e-03 9.528746e-03 1.460878e+02 -9.494369e-03 -1.550473e-02 9.998347e-01 -1.709588e+00
2.272168e-03 -9.999057e-01 -1.354507e-02 -2.675055e+00 9.999296e-01 2.114063e-03 1.167540e-02 1.481804e+02 -1.164567e-02 -1.357064e-02 9.998401e-01 -1.698623e+00
2.857579e-03 -9.999025e-01 -1.366937e-02 -2.661573e+00 9.999755e-01 2.769886e-03 6.429916e-03 1.502545e+02 -6.391426e-03 -1.368741e-02 9.998859e-01 -1.708529e+00
2.670204e-03 -9.998647e-01 -1.623228e-02 -2.632059e+00 9.999826e-01 2.584452e-03 5.301486e-03 1.523555e+02 -5.258817e-03 -1.624616e-02 9.998542e-01 -1.705942e+00
4.240312e-03 -9.998529e-01 -1.661882e-02 -2.623324e+00 9.999569e-01 4.102318e-03 8.328785e-03 1.543730e+02 -8.259384e-03 -1.665342e-02 9.998272e-01 -1.691191e+00
4.391467e-03 -9.998315e-01 -1.782378e-02 -2.597420e+00 9.999573e-01 4.245770e-03 8.203945e-03 1.564366e+02 -8.126887e-03 -1.785905e-02 9.998075e-01 -1.682606e+00
4.805846e-03 -9.998252e-01 -1.806713e-02 -2.584027e+00 9.999607e-01 4.670401e-03 7.531510e-03 1.584726e+02 -7.445813e-03 -1.810261e-02 9.998084e-01 -1.678247e+00
4.982333e-03 -9.998307e-01 -1.771369e-02 -2.584490e+00 9.999489e-01 4.825459e-03 8.887841e-03 1.604711e+02 -8.800860e-03 -1.775707e-02 9.998036e-01 -1.674402e+00
2.520400e-03 -9.998558e-01 -1.679521e-02 -2.542762e+00 9.999512e-01 2.359456e-03 9.595642e-03 1.624946e+02 -9.554631e-03 -1.681857e-02 9.998129e-01 -1.662237e+00
-1.613291e-03 -9.998943e-01 -1.445120e-02 -2.527231e+00 9.999177e-01 -1.796876e-03 1.269985e-02 1.644502e+02 -1.272447e-02 -1.442952e-02 9.998149e-01 -1.660957e+00
-4.853820e-03 -9.998886e-01 -1.411179e-02 -2.513672e+00 9.998799e-01 -5.060535e-03 1.464973e-02 1.663498e+02 -1.471951e-02 -1.403899e-02 9.997931e-01 -1.647419e+00
-9.704432e-03 -9.998892e-01 -1.129170e-02 -2.498603e+00 9.998372e-01 -9.874438e-03 1.509886e-02 1.682442e+02 -1.520869e-02 -1.114334e-02 9.998222e-01 -1.641578e+00
-1.478147e-02 -9.998275e-01 -1.124550e-02 -2.495924e+00 9.998031e-01 -1.492813e-02 1.307138e-02 1.700548e+02 -1.323699e-02 -1.105007e-02 9.998513e-01 -1.635195e+00
-1.728987e-02 -9.997913e-01 -1.088121e-02 -2.482791e+00 9.998283e-01 -1.736101e-02 6.477734e-03 1.717547e+02 -6.665291e-03 -1.076734e-02 9.999198e-01 -1.637449e+00
-1.808229e-02 -9.997978e-01 -8.799933e-03 -2.532676e+00 9.995276e-01 -1.785724e-02 -2.501360e-02 1.732961e+02 2.485140e-02 -9.248079e-03 9.996484e-01 -1.645173e+00
-1.847930e-02 -9.997954e-01 -8.220614e-03 -2.509501e+00 9.997201e-01 -1.835516e-02 -1.492906e-02 1.748400e+02 1.477512e-02 -8.494191e-03 9.998548e-01 -1.548971e+00
-1.604773e-02 -9.997819e-01 -1.336613e-02 -2.530572e+00 9.982290e-01 -1.678580e-02 5.707138e-02 1.764601e+02 -5.728329e-02 -1.242659e-02 9.982806e-01 -1.480923e+00
-1.795180e-02 -9.998004e-01 -8.768932e-03 -2.556378e+00 9.994230e-01 -1.819657e-02 2.868074e-02 1.780060e+02 -2.883458e-02 -8.249002e-03 9.995502e-01 -1.601452e+00
-1.397927e-02 -9.998837e-01 -6.101239e-03 -2.578758e+00 9.996389e-01 -1.383530e-02 -2.303452e-02 1.794152e+02 2.294742e-02 -6.421042e-03 9.997161e-01 -1.643190e+00
-1.207285e-02 -9.999080e-01 -6.190260e-03 -2.586495e+00 9.999119e-01 -1.210655e-02 5.436511e-03 1.808945e+02 -5.510953e-03 -6.124081e-03 9.999661e-01 -1.565952e+00
-1.104613e-02 -9.999131e-01 -7.201481e-03 -2.604009e+00 9.998975e-01 -1.111099e-02 9.029248e-03 1.824471e+02 -9.108479e-03 -7.101005e-03 9.999333e-01 -1.567448e+00
-9.054171e-03 -9.999389e-01 -6.337146e-03 -2.595320e+00 9.999533e-01 -9.032462e-03 -3.445930e-03 1.839206e+02 3.388480e-03 -6.368049e-03 9.999740e-01 -1.569694e+00
-6.722143e-03 -9.999266e-01 -1.007648e-02 -2.597693e+00 9.999505e-01 -6.647683e-03 -7.404859e-03 1.854401e+02 7.337330e-03 -1.012576e-02 9.999218e-01 -1.545709e+00
-3.773959e-03 -9.999596e-01 -8.157477e-03 -2.620533e+00 9.999919e-01 -3.762649e-03 -1.401406e-03 1.868835e+02 1.370656e-03 -8.162700e-03 9.999657e-01 -1.534599e+00
-2.842546e-03 -9.999559e-01 -8.953936e-03 -2.604843e+00 9.999821e-01 -2.795224e-03 -5.293159e-03 1.884098e+02 5.267897e-03 -8.968822e-03 9.999459e-01 -1.513327e+00
-1.739403e-03 -9.999678e-01 -7.833634e-03 -2.597420e+00 9.999853e-01 -1.699029e-03 -5.157610e-03 1.898976e+02 5.144134e-03 -7.842490e-03 9.999560e-01 -1.489325e+00
-4.138855e-03 -9.999701e-01 -6.536712e-03 -2.588526e+00 9.999905e-01 -4.129699e-03 -1.413573e-03 1.913922e+02 1.386536e-03 -6.542500e-03 9.999776e-01 -1.472824e+00
-1.293323e-02 -9.999041e-01 -4.943422e-03 -2.562393e+00 9.999111e-01 -1.291693e-02 -3.314177e-03 1.928541e+02 3.250005e-03 -4.985846e-03 9.999823e-01 -1.450737e+00
-2.378181e-02 -9.997065e-01 -4.611807e-03 -2.580190e+00 9.997158e-01 -2.377392e-02 -1.759267e-03 1.943020e+02 1.649110e-03 -4.652335e-03 9.999878e-01 -1.429998e+00
-3.773928e-02 -9.992790e-01 -4.140127e-03 -2.612928e+00 9.992871e-01 -3.773479e-02 -1.157323e-03 1.957577e+02 1.000262e-03 -4.180852e-03 9.999908e-01 -1.409948e+00
-5.459863e-02 -9.984994e-01 -4.243877e-03 -2.661398e+00 9.985084e-01 -5.459805e-02 -2.520450e-04 1.971938e+02 1.995935e-05 -4.251309e-03 9.999910e-01 -1.394590e+00
-7.384239e-02 -9.972579e-01 -4.889263e-03 -2.733309e+00 9.972696e-01 -7.384519e-02 3.948117e-04 1.985938e+02 -7.547777e-04 -4.846759e-03 9.999880e-01 -1.381063e+00
-9.871429e-02 -9.951005e-01 -5.524550e-03 -2.820182e+00 9.951158e-01 -9.871074e-02 -9.134637e-04 1.999456e+02 3.636558e-04 -5.587739e-03 9.999843e-01 -1.363712e+00
-1.305416e-01 -9.914260e-01 -5.776732e-03 -2.958716e+00 9.914427e-01 -1.305360e-01 -1.326615e-03 2.012576e+02 5.611689e-04 -5.900477e-03 9.999824e-01 -1.344806e+00
-1.682945e-01 -9.857012e-01 -8.374657e-03 -3.103307e+00 9.857365e-01 -1.682950e-01 -6.445123e-04 2.025271e+02 -7.741166e-04 -8.363673e-03 9.999647e-01 -1.334528e+00
-2.121087e-01 -9.771577e-01 -1.314257e-02 -3.350735e+00 9.772350e-01 -2.121511e-01 1.904573e-03 2.037057e+02 -4.649278e-03 -1.243940e-02 9.999118e-01 -1.313701e+00
-2.624678e-01 -9.648641e-01 -1.216619e-02 -3.653303e+00 9.649352e-01 -2.624884e-01 9.901609e-05 2.049042e+02 -3.289021e-03 -1.171360e-02 9.999260e-01 -1.293684e+00
-3.145077e-01 -9.490865e-01 -1.788285e-02 -4.001857e+00 9.492514e-01 -3.145020e-01 -3.203418e-03 2.060251e+02 -2.583872e-03 -1.798282e-02 9.998350e-01 -1.297032e+00
-3.667058e-01 -9.300204e-01 -2.426654e-02 -4.408496e+00 9.303298e-01 -3.666805e-01 -5.647069e-03 2.071436e+02 -3.646178e-03 -2.464670e-02 9.996896e-01 -1.280286e+00
-4.168639e-01 -9.083994e-01 -3.217054e-02 -4.825725e+00 9.088604e-01 -4.170998e-01 6.872686e-04 2.081353e+02 -1.404264e-02 -2.895204e-02 9.994822e-01 -1.283954e+00
-4.716003e-01 -8.810139e-01 -3.751922e-02 -5.335315e+00 8.816717e-01 -4.718582e-01 -2.209703e-03 2.091936e+02 -1.575697e-02 -3.412173e-02 9.992935e-01 -1.279382e+00
-5.249260e-01 -8.497994e-01 -4.789319e-02 -5.877894e+00 8.507673e-01 -5.255425e-01 3.313501e-04 2.101295e+02 -2.545149e-02 -4.057203e-02 9.988524e-01 -1.304472e+00
-5.793170e-01 -8.134003e-01 -5.264769e-02 -6.521502e+00 8.146329e-01 -5.799661e-01 -3.535735e-03 2.110966e+02 -2.765791e-02 -4.493685e-02 9.986069e-01 -1.289125e+00
-6.311649e-01 -7.743738e-01 -4.445307e-02 -7.163961e+00 7.751839e-01 -6.317336e-01 -1.596436e-03 2.119958e+02 -2.684626e-02 -3.546692e-02 9.990102e-01 -1.311274e+00
-6.813135e-01 -7.303469e-01 -4.904319e-02 -7.884705e+00 7.316144e-01 -6.815833e-01 -1.359027e-02 2.128677e+02 -2.350141e-02 -4.513994e-02 9.987042e-01 -1.351246e+00
-7.263197e-01 -6.858405e-01 -4.563514e-02 -8.732047e+00 6.869704e-01 -7.265360e-01 -1.473279e-02 2.136709e+02 -2.305123e-02 -4.205070e-02 9.988495e-01 -1.348401e+00
-7.691556e-01 -6.383204e-01 -3.076834e-02 -9.535922e+00 6.386999e-01 -7.694484e-01 -3.412117e-03 2.144740e+02 -2.149663e-02 -2.227619e-02 9.995207e-01 -1.388097e+00
-8.064083e-01 -5.905314e-01 -3.127678e-02 -1.040300e+01 5.911419e-01 -8.064172e-01 -1.557118e-02 2.151902e+02 -1.602686e-02 -3.104575e-02 9.993895e-01 -1.406716e+00
-8.392760e-01 -5.433574e-01 -1.945413e-02 -1.137180e+01 5.436802e-01 -8.390453e-01 -2.036852e-02 2.158206e+02 -5.255515e-03 -2.767164e-02 9.996033e-01 -1.413976e+00
-8.700085e-01 -4.928416e-01 -1.386800e-02 -1.231741e+01 4.930047e-01 -8.699284e-01 -1.307731e-02 2.164581e+02 -5.619124e-03 -1.821436e-02 9.998183e-01 -1.441490e+00
-8.965536e-01 -4.424799e-01 -2.007770e-02 -1.333871e+01 4.427033e-01 -8.966298e-01 -8.295418e-03 2.170141e+02 -1.433171e-02 -1.632575e-02 9.997640e-01 -1.434779e+00
-9.202661e-01 -3.907863e-01 -1.990715e-02 -1.442301e+01 3.908753e-01 -9.204434e-01 -6.358604e-04 2.175163e+02 -1.807492e-02 -8.366375e-03 9.998016e-01 -1.431561e+00
-9.403994e-01 -3.395616e-01 -1.862691e-02 -1.552089e+01 3.394876e-01 -9.405838e-01 7.096216e-03 2.179799e+02 -1.992978e-02 3.496710e-04 9.998013e-01 -1.457372e+00
-9.569498e-01 -2.896970e-01 -1.796443e-02 -1.668537e+01 2.894096e-01 -9.570544e-01 1.699853e-02 2.183883e+02 -2.211736e-02 1.106767e-02 9.996941e-01 -1.468289e+00
-9.704921e-01 -2.407001e-01 -1.444409e-02 -1.786110e+01 2.403882e-01 -9.704615e-01 2.044613e-02 2.187437e+02 -1.893882e-02 1.637062e-02 9.996866e-01 -1.501428e+00
-9.807001e-01 -1.948602e-01 -1.602883e-02 -1.909652e+01 1.945331e-01 -9.806934e-01 1.993214e-02 2.190175e+02 -1.960335e-02 1.642932e-02 9.996728e-01 -1.523805e+00
-9.877723e-01 -1.541325e-01 -2.343231e-02 -2.035489e+01 1.535560e-01 -9.878314e-01 2.469070e-02 2.192572e+02 -2.695282e-02 2.079062e-02 9.994205e-01 -1.538672e+00
-9.919110e-01 -1.242900e-01 -2.578011e-02 -2.163375e+01 1.239454e-01 -9.921821e-01 1.456477e-02 2.194139e+02 -2.738882e-02 1.125163e-02 9.995615e-01 -1.562447e+00
-9.944667e-01 -1.031894e-01 -1.969644e-02 -2.293283e+01 1.029851e-01 -9.946207e-01 1.112088e-02 2.195627e+02 -2.073805e-02 9.030899e-03 9.997442e-01 -1.574875e+00
-9.958272e-01 -8.865884e-02 -2.162954e-02 -2.424931e+01 8.845884e-02 -9.960293e-01 1.003636e-02 2.196988e+02 -2.243346e-02 8.081154e-03 9.997157e-01 -1.612153e+00
-9.964344e-01 -8.040680e-02 -2.555726e-02 -2.560119e+01 8.029969e-02 -9.967572e-01 5.191819e-03 2.197918e+02 -2.589184e-02 3.121067e-03 9.996599e-01 -1.627940e+00
-9.972413e-01 -7.094665e-02 -2.182523e-02 -2.695306e+01 7.083279e-02 -9.974705e-01 5.947304e-03 2.199156e+02 -2.219197e-02 4.384955e-03 9.997441e-01 -1.650844e+00
-9.978139e-01 -6.246812e-02 -2.156900e-02 -2.828983e+01 6.235409e-02 -9.980365e-01 5.920183e-03 2.200268e+02 -2.189647e-02 4.562325e-03 9.997498e-01 -1.671435e+00
-9.983633e-01 -5.337498e-02 -2.054088e-02 -2.966101e+01 5.324775e-02 -9.985589e-01 6.692169e-03 2.201190e+02 -2.086847e-02 5.587460e-03 9.997666e-01 -1.689209e+00
-9.988208e-01 -4.323226e-02 -2.209150e-02 -3.099537e+01 4.303103e-02 -9.990285e-01 9.504774e-03 2.201931e+02 -2.248096e-02 8.542945e-03 9.997108e-01 -1.710744e+00
-9.992857e-01 -2.997715e-02 -2.301001e-02 -3.235089e+01 2.976306e-02 -9.995110e-01 9.590888e-03 2.202619e+02 -2.328627e-02 8.899189e-03 9.996892e-01 -1.727384e+00
-9.996773e-01 -1.197147e-02 -2.240435e-02 -3.367456e+01 1.168157e-02 -9.998469e-01 1.302588e-02 2.203131e+02 -2.255686e-02 1.275995e-02 9.996641e-01 -1.746164e+00
-9.996192e-01 1.341749e-02 -2.411170e-02 -3.500391e+01 -1.378042e-02 -9.997933e-01 1.494948e-02 2.203411e+02 -2.390613e-02 1.527606e-02 9.995975e-01 -1.759396e+00
-9.984874e-01 4.811494e-02 -2.660510e-02 -3.633789e+01 -4.852666e-02 -9.987085e-01 1.505212e-02 2.203241e+02 -2.584651e-02 1.632041e-02 9.995327e-01 -1.768172e+00
-9.957516e-01 8.844998e-02 -2.559854e-02 -3.763380e+01 -8.887328e-02 -9.959161e-01 1.589787e-02 2.202665e+02 -2.408783e-02 1.810535e-02 9.995459e-01 -1.777767e+00
-9.905196e-01 1.352993e-01 -2.377033e-02 -3.891402e+01 -1.356490e-01 -9.906613e-01 1.376658e-02 2.201414e+02 -2.168574e-02 1.686049e-02 9.996227e-01 -1.791570e+00
-9.818900e-01 1.877054e-01 -2.566338e-02 -4.018766e+01 -1.880090e-01 -9.821169e-01 9.954966e-03 2.199385e+02 -2.333584e-02 1.459963e-02 9.996211e-01 -1.796591e+00
-9.693577e-01 2.439319e-01 -2.903151e-02 -4.138601e+01 -2.440978e-01 -9.697480e-01 2.261610e-03 2.196640e+02 -2.760157e-02 9.278837e-03 9.995759e-01 -1.798398e+00
-9.523119e-01 3.039885e-01 -2.632752e-02 -4.257225e+01 -3.037805e-01 -9.526706e-01 -1.166495e-02 2.193221e+02 -2.862747e-02 -3.110881e-03 9.995853e-01 -1.817002e+00
-9.308495e-01 3.642542e-01 -2.894994e-02 -4.370688e+01 -3.637380e-01 -9.312500e-01 -2.163585e-02 2.189242e+02 -3.484058e-02 -9.609524e-03 9.993467e-01 -1.832800e+00
-9.044009e-01 4.254634e-01 -3.224709e-02 -4.479087e+01 -4.248435e-01 -9.049365e-01 -2.445323e-02 2.184665e+02 -3.958552e-02 -8.415555e-03 9.991807e-01 -1.864102e+00
-8.718042e-01 4.886334e-01 -3.456622e-02 -4.585949e+01 -4.884707e-01 -8.724746e-01 -1.357918e-02 2.179528e+02 -3.679339e-02 5.046196e-03 9.993102e-01 -1.898863e+00
-8.330484e-01 5.525303e-01 -2.721329e-02 -4.682827e+01 -5.521593e-01 -8.334906e-01 -2.033425e-02 2.173439e+02 -3.391731e-02 -1.913345e-03 9.994228e-01 -1.914728e+00
-7.839391e-01 6.201980e-01 -2.817560e-02 -4.782318e+01 -6.199150e-01 -7.844408e-01 -1.891958e-02 2.166995e+02 -3.383598e-02 2.634680e-03 9.994239e-01 -1.948627e+00
-7.296617e-01 6.826501e-01 -3.978341e-02 -4.867390e+01 -6.827562e-01 -7.305311e-01 -1.297202e-02 2.159834e+02 -3.791837e-02 1.769718e-02 9.991241e-01 -1.962850e+00
-6.686973e-01 7.429506e-01 -2.946636e-02 -4.946576e+01 -7.424944e-01 -6.693328e-01 -2.637625e-02 2.151740e+02 -3.931906e-02 4.240878e-03 9.992177e-01 -1.988047e+00
-6.026218e-01 7.974044e-01 -3.151396e-02 -5.017577e+01 -7.973008e-01 -6.032881e-01 -1.884046e-02 2.143477e+02 -3.403546e-02 1.377243e-02 9.993257e-01 -2.019638e+00
-5.340054e-01 8.446709e-01 -3.700362e-02 -5.081424e+01 -8.448895e-01 -5.347573e-01 -1.400950e-02 2.134586e+02 -3.162138e-02 2.378282e-02 9.992169e-01 -2.039189e+00
-4.641674e-01 8.855498e-01 -1.871157e-02 -5.131568e+01 -8.854761e-01 -4.644446e-01 -1.494578e-02 2.125421e+02 -2.192572e-02 9.631306e-03 9.997132e-01 -2.075412e+00
-3.924148e-01 9.194928e-01 -2.331664e-02 -5.180416e+01 -9.196344e-01 -3.926868e-01 -8.343729e-03 2.115704e+02 -1.682814e-02 1.816858e-02 9.996933e-01 -2.081821e+00
-3.299394e-01 9.436667e-01 -2.516353e-02 -5.220912e+01 -9.437646e-01 -3.303372e-01 -1.363176e-02 2.105708e+02 -2.117629e-02 1.925079e-02 9.995904e-01 -2.076498e+00
-2.734258e-01 9.617318e-01 -1.761484e-02 -5.250373e+01 -9.617234e-01 -2.736757e-01 -1.377433e-02 2.095387e+02 -1.806796e-02 1.317435e-02 9.997500e-01 -2.081164e+00
-2.262270e-01 9.736508e-01 -2.873071e-02 -5.276633e+01 -9.740347e-01 -2.263864e-01 -2.377000e-03 2.085349e+02 -8.818609e-03 2.744696e-02 9.995844e-01 -2.108414e+00
-1.875712e-01 9.820227e-01 -2.117811e-02 -5.296208e+01 -9.822099e-01 -1.877171e-01 -5.109164e-03 2.074707e+02 -8.992808e-03 1.984301e-02 9.997627e-01 -2.120691e+00
-1.518970e-01 9.881874e-01 -2.032406e-02 -5.314929e+01 -9.883690e-01 -1.520135e-01 -4.306607e-03 2.064159e+02 -7.345266e-03 1.943351e-02 9.997842e-01 -2.111802e+00
-1.226061e-01 9.919370e-01 -3.207356e-02 -5.332602e+01 -9.924442e-01 -1.226941e-01 -7.842182e-04 2.053501e+02 -4.713133e-03 3.173507e-02 9.994852e-01 -2.126702e+00
-9.914720e-02 9.948863e-01 -1.926317e-02 -5.343373e+01 -9.950479e-01 -9.926295e-02 -5.146217e-03 2.042742e+02 -7.032020e-03 1.865754e-02 9.998012e-01 -2.135759e+00
-8.221698e-02 9.965847e-01 -7.702699e-03 -5.351481e+01 -9.965043e-01 -8.232035e-02 -1.423260e-02 2.031544e+02 -1.481808e-02 6.505611e-03 9.998690e-01 -2.115579e+00
-6.714364e-02 9.974128e-01 -2.568147e-02 -5.363102e+01 -9.973908e-01 -6.778186e-02 -2.484441e-02 2.020470e+02 -2.652087e-02 2.394632e-02 9.993614e-01 -2.114233e+00
-5.787573e-02 9.982358e-01 -1.325794e-02 -5.369125e+01 -9.981299e-01 -5.812108e-02 -1.893560e-02 2.009637e+02 -1.967275e-02 1.213723e-02 9.997328e-01 -2.142728e+00
-5.374069e-02 9.985545e-01 -9.069076e-04 -5.373653e+01 -9.984895e-01 -5.374755e-02 -1.139405e-02 1.998873e+02 -1.142632e-02 2.932136e-04 9.999347e-01 -2.124023e+00
-5.328842e-02 9.985106e-01 -1.170283e-02 -5.382591e+01 -9.985639e-01 -5.334884e-02 -4.911943e-03 1.988199e+02 -5.528959e-03 1.142427e-02 9.999195e-01 -2.138977e+00
-5.693374e-02 9.982897e-01 -1.327852e-02 -5.388543e+01 -9.983002e-01 -5.709022e-02 -1.171878e-02 1.977552e+02 -1.245681e-02 1.258875e-02 9.998432e-01 -2.152770e+00
-6.396589e-02 9.979441e-01 -3.983127e-03 -5.393586e+01 -9.978291e-01 -6.402016e-02 -1.544625e-02 1.967085e+02 -1.566950e-02 2.986446e-03 9.998728e-01 -2.158726e+00
-7.391456e-02 9.971953e-01 -1.175057e-02 -5.401667e+01 -9.970887e-01 -7.411769e-02 -1.790884e-02 1.956835e+02 -1.872954e-02 1.039264e-02 9.997706e-01 -2.122106e+00
-8.756111e-02 9.960531e-01 -1.453607e-02 -5.413431e+01 -9.960915e-01 -8.771589e-02 -1.037417e-02 1.946463e+02 -1.160827e-02 1.357088e-02 9.998405e-01 -2.150937e+00
-1.061501e-01 9.943491e-01 -1.432405e-03 -5.419921e+01 -9.942825e-01 -1.061595e-01 -1.150993e-02 1.936348e+02 -1.159695e-02 2.024352e-04 9.999327e-01 -2.165305e+00
-1.287824e-01 9.916665e-01 -3.566077e-03 -5.434238e+01 -9.915993e-01 -1.288158e-01 -1.172185e-02 1.926212e+02 -1.208353e-02 2.026552e-03 9.999249e-01 -2.137995e+00
-1.828164e-01 9.831242e-01 -6.701430e-03 -5.462110e+01 -9.831100e-01 -1.828644e-01 -7.434899e-03 1.906970e+02 -8.534883e-03 5.229021e-03 9.999499e-01 -2.200872e+00
-2.449364e-01 9.695150e-01 -6.844601e-03 -5.502908e+01 -9.694263e-01 -2.450095e-01 -1.353062e-02 1.888486e+02 -1.479513e-02 3.321195e-03 9.998850e-01 -2.195648e+00
-3.189763e-01 9.476940e-01 1.141078e-02 -5.554523e+01 -9.476959e-01 -3.187878e-01 -1.571089e-02 1.871066e+02 -1.125150e-02 -1.582535e-02 9.998115e-01 -2.139034e+00
-4.018587e-01 9.156863e-01 5.306483e-03 -5.616750e+01 -9.156124e-01 -4.017318e-01 -1.629524e-02 1.854506e+02 -1.278954e-02 -1.140706e-02 9.998531e-01 -2.149035e+00
-4.991209e-01 8.665212e-01 4.384789e-03 -5.696511e+01 -8.663110e-01 -4.988727e-01 -2.512655e-02 1.838576e+02 -1.958524e-02 -1.633978e-02 9.996747e-01 -2.126058e+00
-6.093951e-01 7.928557e-01 -4.187997e-03 -5.789761e+01 -7.927571e-01 -6.093902e-01 -1.340518e-02 1.824557e+02 -1.318050e-02 -4.848987e-03 9.999014e-01 -2.118627e+00
-7.279706e-01 6.855777e-01 -6.487481e-03 -5.901149e+01 -6.854131e-01 -7.279565e-01 -1.697888e-02 1.812264e+02 -1.636295e-02 -7.913525e-03 9.998348e-01 -2.126375e+00
-8.328343e-01 5.531790e-01 -1.949590e-02 -6.024232e+01 -5.532294e-01 -8.330228e-01 -3.194192e-03 1.802307e+02 -1.800749e-02 8.125473e-03 9.998048e-01 -2.115258e+00
-9.100975e-01 4.142870e-01 -9.423440e-03 -6.162820e+01 -4.141924e-01 -9.101287e-01 -1.050432e-02 1.794506e+02 -1.292835e-02 -5.656838e-03 9.999004e-01 -2.136045e+00
-9.604936e-01 2.777943e-01 -1.680320e-02 -6.316680e+01 -2.777829e-01 -9.606390e-01 -3.052506e-03 1.788840e+02 -1.698978e-02 1.735730e-03 9.998542e-01 -2.150292e+00
-9.878864e-01 1.548233e-01 -1.049385e-02 -6.487090e+01 -1.548416e-01 -9.879389e-01 9.432978e-04 1.785064e+02 -1.022123e-02 2.556755e-03 9.999445e-01 -2.164503e+00
-9.972755e-01 7.244074e-02 -1.392338e-02 -6.672879e+01 -7.236551e-02 -9.973611e-01 -5.834099e-03 1.783123e+02 -1.430926e-02 -4.810632e-03 9.998860e-01 -2.175190e+00
-9.995275e-01 2.981870e-02 -7.459163e-03 -6.874383e+01 -2.977885e-02 -9.995419e-01 -5.398567e-03 1.782263e+02 -7.616725e-03 -5.173891e-03 9.999576e-01 -2.204207e+00
-9.997298e-01 1.994354e-02 -1.194257e-02 -6.980057e+01 -1.981164e-02 -9.997425e-01 -1.106295e-02 1.782216e+02 -1.216013e-02 -1.082336e-02 9.998675e-01 -2.198653e+00
-9.997654e-01 1.339455e-02 -1.701993e-02 -7.092864e+01 -1.325461e-02 -9.998776e-01 -8.308756e-03 1.782155e+02 -1.712914e-02 -8.081215e-03 9.998206e-01 -2.197037e+00
-9.998365e-01 1.366729e-02 -1.183762e-02 -7.203707e+01 -1.353069e-02 -9.998418e-01 -1.154364e-02 1.782094e+02 -1.199352e-02 -1.138158e-02 9.998633e-01 -2.217834e+00
-9.997955e-01 1.735029e-02 -1.038631e-02 -7.313539e+01 -1.720428e-02 -9.997542e-01 -1.398519e-02 1.782076e+02 -1.062641e-02 -1.380364e-02 9.998483e-01 -2.222619e+00
-9.997234e-01 2.041735e-02 -1.166947e-02 -7.426044e+01 -2.029128e-02 -9.997355e-01 -1.082214e-02 1.781942e+02 -1.188735e-02 -1.058236e-02 9.998733e-01 -2.222139e+00
-9.996857e-01 2.367951e-02 -8.236856e-03 -7.542458e+01 -2.356741e-02 -9.996318e-01 -1.345089e-02 1.781657e+02 -8.552333e-03 -1.325254e-02 9.998756e-01 -2.230785e+00
-9.995799e-01 2.858950e-02 -4.756957e-03 -7.658183e+01 -2.852483e-02 -9.995066e-01 -1.314800e-02 1.781449e+02 -5.130505e-03 -1.300678e-02 9.999022e-01 -2.246217e+00
-9.993955e-01 3.399212e-02 -7.292869e-03 -7.776624e+01 -3.389744e-02 -9.993442e-01 -1.273609e-02 1.781215e+02 -7.721013e-03 -1.248118e-02 9.998923e-01 -2.243854e+00
-9.991714e-01 3.981566e-02 -8.435361e-03 -7.897088e+01 -3.971463e-02 -9.991411e-01 -1.182413e-02 1.780854e+02 -8.898902e-03 -1.147932e-02 9.998945e-01 -2.242959e+00
-9.988684e-01 4.662807e-02 -9.363175e-03 -8.019154e+01 -4.649867e-02 -9.988259e-01 -1.359300e-02 1.780333e+02 -9.985996e-03 -1.314224e-02 9.998638e-01 -2.244471e+00
-9.984135e-01 5.585954e-02 -7.082030e-03 -8.143255e+01 -5.573916e-02 -9.983141e-01 -1.618805e-02 1.779785e+02 -7.974347e-03 -1.576762e-02 9.998439e-01 -2.248399e+00
-9.978707e-01 6.518026e-02 -2.345220e-03 -8.269225e+01 -6.512772e-02 -9.977144e-01 -1.801067e-02 1.779030e+02 -3.513800e-03 -1.781958e-02 9.998350e-01 -2.247825e+00
-9.972193e-01 7.452189e-02 -3.745878e-04 -8.394402e+01 -7.449849e-02 -9.970095e-01 -2.054441e-02 1.778219e+02 -1.904476e-03 -2.045938e-02 9.997889e-01 -2.242332e+00
-9.964598e-01 8.400553e-02 -3.297769e-03 -8.523724e+01 -8.390438e-02 -9.961913e-01 -2.372448e-02 1.777235e+02 -5.278197e-03 -2.336379e-02 9.997131e-01 -2.227444e+00
-9.956362e-01 9.316393e-02 -5.388701e-03 -8.653735e+01 -9.301322e-02 -9.953867e-01 -2.353296e-02 1.776164e+02 -7.556265e-03 -2.292905e-02 9.997085e-01 -2.215196e+00
-9.949064e-01 1.006423e-01 -5.695756e-03 -8.784323e+01 -1.004955e-01 -9.946961e-01 -2.191510e-02 1.774872e+02 -7.871131e-03 -2.123108e-02 9.997436e-01 -2.209105e+00
-9.942808e-01 1.066993e-01 -4.582968e-03 -8.918027e+01 -1.065950e-01 -9.941222e-01 -1.893818e-02 1.773573e+02 -6.576722e-03 -1.834135e-02 9.998102e-01 -2.202768e+00
-9.939264e-01 1.100471e-01 -7.376422e-05 -9.049921e+01 -1.100332e-01 -9.938107e-01 -1.526208e-02 1.772268e+02 -1.752855e-03 -1.516126e-02 9.998835e-01 -2.187296e+00
-9.935868e-01 1.130355e-01 2.863165e-03 -9.185133e+01 -1.130717e-01 -9.932824e-01 -2.459351e-02 1.770588e+02 6.399156e-05 -2.475953e-02 9.996934e-01 -2.177384e+00
-9.933290e-01 1.153108e-01 -9.334672e-04 -9.322870e+01 -1.152737e-01 -9.931602e-01 -1.856947e-02 1.769089e+02 -3.068343e-03 -1.833799e-02 9.998271e-01 -2.149593e+00
-9.933510e-01 1.151112e-01 -1.805775e-03 -9.458866e+01 -1.150574e-01 -9.931812e-01 -1.878573e-02 1.767520e+02 -3.955910e-03 -1.845306e-02 9.998219e-01 -2.151118e+00
-9.930526e-01 1.176709e-01 1.247921e-04 -9.591961e+01 -1.176526e-01 -9.928789e-01 -1.869303e-02 1.765923e+02 -2.075722e-03 -1.857784e-02 9.998253e-01 -2.134588e+00
-9.928587e-01 1.192955e-01 5.032981e-04 -9.726377e+01 -1.192923e-01 -9.927782e-01 -1.268165e-02 1.764508e+02 -1.013200e-03 -1.265112e-02 9.999195e-01 -2.118495e+00
-9.926747e-01 1.207287e-01 4.635300e-03 -9.857878e+01 -1.207840e-01 -9.925733e-01 -1.447685e-02 1.762872e+02 2.853103e-03 -1.493067e-02 9.998845e-01 -2.110527e+00
-9.925631e-01 1.214457e-01 8.336006e-03 -9.992396e+01 -1.215634e-01 -9.924631e-01 -1.547072e-02 1.761255e+02 6.394325e-03 -1.636902e-02 9.998456e-01 -2.086263e+00
-9.925644e-01 1.214113e-01 8.677949e-03 -1.012010e+02 -1.215571e-01 -9.924041e-01 -1.891814e-02 1.759671e+02 6.315157e-03 -1.983234e-02 9.997834e-01 -2.056114e+00
-9.925645e-01 1.212791e-01 1.034575e-02 -1.024974e+02 -1.214517e-01 -9.924323e-01 -1.810217e-02 1.758289e+02 8.072040e-03 -1.922408e-02 9.997826e-01 -2.027232e+00
-9.930246e-01 1.178763e-01 2.699107e-03 -1.038113e+02 -1.179065e-01 -9.928389e-01 -1.920865e-02 1.756566e+02 4.155340e-04 -1.939291e-02 9.998119e-01 -2.004914e+00
-9.934263e-01 1.144524e-01 -2.213247e-03 -1.050957e+02 -1.144082e-01 -9.933259e-01 -1.464502e-02 1.755216e+02 -3.874633e-03 -1.429553e-02 9.998903e-01 -1.960622e+00
-9.938275e-01 1.101830e-01 1.290647e-02 -1.064034e+02 -1.103477e-01 -9.938102e-01 -1.283315e-02 1.753880e+02 1.141259e-02 -1.417814e-02 9.998344e-01 -1.956788e+00
-9.946565e-01 1.023947e-01 1.318294e-02 -1.076845e+02 -1.025341e-01 -9.946755e-01 -1.036742e-02 1.752650e+02 1.205117e-02 -1.166372e-02 9.998594e-01 -1.953375e+00
-9.954441e-01 9.528420e-02 -3.459549e-03 -1.089638e+02 -9.523584e-02 -9.953805e-01 -1.216038e-02 1.751382e+02 -4.602260e-03 -1.177551e-02 9.999201e-01 -1.910065e+00
-9.961965e-01 8.695956e-02 5.529808e-03 -1.102090e+02 -8.701842e-02 -9.961405e-01 -1.148366e-02 1.750315e+02 4.509852e-03 -1.192118e-02 9.999188e-01 -1.870711e+00
-9.968733e-01 7.765818e-02 1.458678e-02 -1.114590e+02 -7.776759e-02 -9.969463e-01 -7.088503e-03 1.749371e+02 1.399176e-02 -8.200718e-03 9.998685e-01 -1.872226e+00
-9.975885e-01 6.791081e-02 1.432839e-02 -1.127223e+02 -6.805211e-02 -9.976354e-01 -9.615368e-03 1.748512e+02 1.364152e-02 -1.056726e-02 9.998511e-01 -1.833998e+00
-9.983475e-01 5.550288e-02 1.488674e-02 -1.139834e+02 -5.561919e-02 -9.984238e-01 -7.516416e-03 1.747873e+02 1.444609e-02 -8.331984e-03 9.998609e-01 -1.803715e+00
-9.990057e-01 4.217387e-02 1.445270e-02 -1.152357e+02 -4.225133e-02 -9.990940e-01 -5.096359e-03 1.747394e+02 1.422467e-02 -5.701938e-03 9.998826e-01 -1.776833e+00
-9.995556e-01 2.859213e-02 8.427770e-03 -1.164790e+02 -2.860762e-02 -9.995892e-01 -1.723430e-03 1.747057e+02 8.375032e-03 -1.963763e-03 9.999630e-01 -1.739049e+00
-9.998455e-01 1.366809e-02 1.105047e-02 -1.177082e+02 -1.369652e-02 -9.999031e-01 -2.501070e-03 1.746684e+02 1.101522e-02 -2.652036e-03 9.999358e-01 -1.710098e+00
-9.998538e-01 -2.754239e-03 1.687691e-02 -1.189348e+02 2.715110e-03 -9.999936e-01 -2.341005e-03 1.746520e+02 1.688325e-02 -2.294840e-03 9.998548e-01 -1.686768e+00
