1.000000e+00 0.000000e+00 0.000000e+00 0.000000e+00 0.000000e+00 1.000000e+00 0.000000e+00 0.000000e+00 0.000000e+00 0.000000e+00 1.000000e+00 0.000000e+00
9.999986e-01 -1.398566e-03 9.152458e-04 -1.113362e+00 1.404607e-03 9.999770e-01 -6.633680e-03 5.417297e-03 -9.059472e-04 6.634956e-03 9.999776e-01 -3.494435e-02
9.999902e-01 -1.506282e-03 4.159669e-03 -2.277200e+00 1.566461e-03 9.998936e-01 -1.450212e-02 1.606750e-02 -4.137382e-03 1.450849e-02 9.998862e-01 -6.784921e-02
9.999860e-01 -2.198664e-03 4.807473e-03 -3.449589e+00 2.301017e-03 9.997686e-01 -2.138962e-02 2.511930e-02 -4.759331e-03 2.140038e-02 9.997597e-01 -9.414297e-02
9.999607e-01 -1.707036e-03 8.703114e-03 -4.658127e+00 1.966278e-03 9.995520e-01 -2.986629e-02 3.783598e-02 -8.648232e-03 2.988223e-02 9.995160e-01 -1.223006e-01
9.999241e-01 -1.520288e-03 1.222540e-02 -5.777143e+00 1.983292e-03 9.992777e-01 -3.794980e-02 5.596764e-02 -1.215887e-02 3.797117e-02 9.992049e-01 -1.526689e-01
9.998990e-01 -2.263928e-03 1.402795e-02 -7.049129e+00 2.912613e-03 9.989189e-01 -4.639582e-02 7.480259e-02 -1.390775e-02 4.643200e-02 9.988246e-01 -1.818821e-01
9.998798e-01 -2.851281e-03 1.523804e-02 -8.308352e+00 3.671714e-03 9.985295e-01 -5.408727e-02 7.609997e-02 -1.506141e-02 5.413672e-02 9.984199e-01 -2.137327e-01
9.998798e-01 -7.027501e-03 1.381943e-02 -9.341120e+00 7.810959e-03 9.983160e-01 -5.748090e-02 6.401044e-02 -1.339221e-02 5.758193e-02 9.982510e-01 -2.258219e-01
9.996585e-01 -1.192441e-02 2.325187e-02 -8.163500e+00 1.299926e-02 9.988273e-01 -4.663717e-02 3.738703e-02 -2.266848e-02 4.692350e-02 9.986412e-01 -1.389170e-01
9.998997e-01 -6.411390e-03 1.262832e-02 -7.149655e+00 6.935222e-03 9.990984e-01 -4.188337e-02 8.574861e-02 -1.234840e-02 4.196675e-02 9.990427e-01 -1.577276e-01
9.999555e-01 -4.165990e-03 8.461925e-03 -5.472401e+00 4.427246e-03 9.995067e-01 -3.109390e-02 7.745364e-02 -8.328214e-03 3.112998e-02 9.994806e-01 -1.186307e-01
9.999532e-01 -4.293570e-03 8.672849e-03 -2.408870e-02 4.466660e-03 9.997892e-01 -2.003789e-02 7.646323e+00 -8.584987e-03 2.007569e-02 9.997616e-01 -6.684187e-02
9.999802e-01 -6.131514e-03 1.399229e-03 1.012134e+00 6.145488e-03 9.999290e-01 -1.021080e-02 7.664113e+00 -1.336522e-03 1.021920e-02 9.999469e-01 -3.226670e-02
9.999853e-01 -4.650187e-03 -2.784501e-03 2.641783e+00 4.651568e-03 9.999891e-01 4.895722e-04 7.650939e+00 2.782194e-03 -5.025173e-04 9.999960e-01 8.901577e-03
9.999922e-01 -3.065324e-03 -2.509700e-03 4.323682e+00 3.090175e-03 9.999456e-01 9.958572e-03 7.636693e+00 2.479037e-03 -9.966250e-03 9.999473e-01 6.364516e-02
9.999958e-01 -5.942174e-04 -2.847208e-03 5.712311e+00 6.412115e-04 9.998631e-01 1.653292e-02 7.634327e+00 2.836995e-03 -1.653468e-02 9.998593e-01 1.078084e-01
9.999986e-01 8.507933e-04 -1.407607e-03 7.511394e+00 -8.135483e-04 9.996550e-01 2.625201e-02 7.622378e+00 1.429456e-03 -2.625083e-02 9.996544e-01 1.791554e-01
9.999727e-01 2.749822e-03 -6.855591e-03 1.004138e+01 -2.471132e-03 9.991832e-01 4.033373e-02 7.610306e+00 6.960902e-03 -4.031569e-02 9.991627e-01 2.690047e-01
8.516710e-03 -9.990145e-01 -4.355984e-02 3.250329e-02 9.999297e-01 8.867693e-03 -7.870634e-03 1.779922e+01 8.249153e-03 -4.348974e-02 9.990198e-01 3.147883e-01
8.420405e-03 -9.987012e-01 -5.024954e-02 5.063246e-02 9.998751e-01 9.081157e-03 -1.293562e-02 1.890843e+01 1.337515e-02 -5.013434e-02 9.986529e-01 3.555901e-01
7.412365e-03 -9.986401e-01 -5.160465e-02 3.464577e-02 9.999139e-01 7.960656e-03 -1.042742e-02 2.093918e+01 1.082404e-02 -5.152292e-02 9.986132e-01 3.709837e-01
7.807784e-03 -9.986814e-01 -5.073945e-02 5.670986e-02 9.999156e-01 8.324018e-03 -9.970868e-03 2.219208e+01 1.038008e-02 -5.065732e-02 9.986621e-01 3.801419e-01
8.285237e-03 -9.991108e-01 -4.133965e-02 5.784919e-02 9.999335e-01 8.609485e-03 -7.671658e-03 2.462926e+01 8.020750e-03 -4.127334e-02 9.991157e-01 3.668721e-01
8.027054e-03 -9.988330e-01 -4.762469e-02 7.334992e-02 9.999365e-01 8.394164e-03 -7.513420e-03 2.647910e+01 7.904422e-03 -4.756136e-02 9.988370e-01 4.073256e-01
6.514917e-03 -9.987740e-01 -4.907122e-02 7.524981e-02 9.999392e-01 6.943224e-03 -8.562867e-03 2.799343e+01 8.893082e-03 -4.901245e-02 9.987586e-01 4.307887e-01
5.821765e-03 -9.990460e-01 -4.328040e-02 9.941472e-02 9.999655e-01 6.072395e-03 -5.661628e-03 2.930466e+01 5.919043e-03 -4.324594e-02 9.990469e-01 4.286561e-01
4.694960e-03 -9.988694e-01 -4.730722e-02 1.083773e-01 9.999556e-01 5.075927e-03 -7.936134e-03 3.061087e+01 8.167289e-03 -4.726786e-02 9.988489e-01 4.469019e-01
4.373312e-03 -9.990563e-01 -4.321231e-02 1.177161e-01 9.999763e-01 4.598765e-03 -5.119315e-03 3.188068e+01 5.313207e-03 -4.318890e-02 9.990528e-01 4.460512e-01
7.366686e-04 -9.991194e-01 -4.194983e-02 1.201405e-01 9.999983e-01 8.077698e-04 -1.677987e-03 3.581172e+01 1.710395e-03 -4.194852e-02 9.991183e-01 4.747824e-01
-4.183490e-04 -9.991792e-01 -4.050617e-02 1.188572e-01 9.999997e-01 -3.938236e-04 -6.134509e-04 3.717461e+01 5.969951e-04 -4.050641e-02 9.991791e-01 4.786923e-01
-1.539511e-03 -9.991396e-01 -4.144401e-02 1.322448e-01 9.999983e-01 -1.494502e-03 -1.116971e-03 3.858936e+01 1.054072e-03 -4.144566e-02 9.991402e-01 4.955109e-01
-2.584616e-03 -9.991429e-01 -4.131391e-02 1.266978e-01 9.999963e-01 -2.545827e-03 -9.914856e-04 3.997392e+01 8.854577e-04 -4.131632e-02 9.991457e-01 4.985607e-01
-4.875803e-03 -9.991382e-01 -4.122064e-02 1.203195e-01 9.999880e-01 -4.850870e-03 -7.048681e-04 4.140150e+01 5.043046e-04 -4.122359e-02 9.991498e-01 5.075845e-01
-8.677404e-03 -9.991971e-01 -3.911369e-02 9.529725e-02 9.999608e-01 -8.740617e-03 1.445435e-03 4.280032e+01 -1.786152e-03 -3.909962e-02 9.992337e-01 5.101550e-01
-1.651871e-02 -9.990829e-01 -3.950211e-02 8.906788e-02 9.998628e-01 -1.655383e-02 5.622258e-04 4.424873e+01 -1.215621e-03 -3.948740e-02 9.992193e-01 5.153751e-01
-2.945660e-02 -9.989034e-01 -3.638992e-02 5.672093e-02 9.995590e-01 -2.957335e-02 2.674062e-03 4.571210e+01 -3.747302e-03 -3.629510e-02 9.993341e-01 5.175235e-01
-4.531462e-02 -9.982695e-01 -3.747758e-02 4.314088e-03 9.989580e-01 -4.548590e-02 3.730036e-03 4.717943e+01 -5.428282e-03 -3.726950e-02 9.992905e-01 5.221714e-01
-6.159128e-02 -9.973264e-01 -3.932697e-02 -6.532340e-02 9.980800e-01 -6.180027e-02 4.119674e-03 4.864513e+01 -6.539077e-03 -3.899773e-02 9.992179e-01 5.264576e-01
-7.757596e-02 -9.962570e-01 -3.813104e-02 -1.598671e-01 9.969349e-01 -7.790404e-02 7.192474e-03 5.011023e+01 -1.013611e-02 -3.745620e-02 9.992469e-01 5.242141e-01
-9.154344e-02 -9.950118e-01 -3.964051e-02 -2.659807e-01 9.957377e-01 -9.191425e-02 7.631186e-03 5.159670e+01 -1.123665e-02 -3.877297e-02 9.991849e-01 5.161900e-01
-9.982992e-02 -9.941194e-01 -4.196038e-02 -3.462246e-01 9.949435e-01 -1.002019e-01 6.851541e-03 5.258186e+01 -1.101576e-02 -4.106422e-02 9.990958e-01 5.194895e-01
-1.058552e-01 -9.933914e-01 -4.436479e-02 -4.870535e-01 9.942769e-01 -1.063858e-01 9.768974e-03 5.402200e+01 -1.442420e-02 -4.307679e-02 9.989676e-01 5.076668e-01
-1.093806e-01 -9.928318e-01 -4.817487e-02 -6.407086e-01 9.938846e-01 -1.099777e-01 9.914375e-03 5.545812e+01 -1.514147e-02 -4.679582e-02 9.987897e-01 4.987489e-01
-1.109009e-01 -9.926423e-01 -4.860337e-02 -8.023803e-01 9.937331e-01 -1.114452e-01 8.626879e-03 5.686051e+01 -1.398002e-02 -4.734205e-02 9.987809e-01 4.913583e-01
-1.127603e-01 -9.924633e-01 -4.797690e-02 -9.498215e-01 9.935536e-01 -1.131887e-01 6.297497e-03 5.828014e+01 -1.168047e-02 -4.695751e-02 9.988286e-01 4.750016e-01
-1.138439e-01 -9.923044e-01 -4.869921e-02 -1.100725e+00 9.934250e-01 -1.142956e-01 6.582871e-03 5.971214e+01 -1.209831e-02 -4.762959e-02 9.987918e-01 4.635174e-01
-1.127145e-01 -9.925292e-01 -4.670309e-02 -1.261698e+00 9.935416e-01 -1.131979e-01 7.831292e-03 6.111597e+01 -1.305948e-02 -4.551876e-02 9.988781e-01 4.485857e-01
-1.104001e-01 -9.927239e-01 -4.807411e-02 -1.413780e+00 9.937754e-01 -1.109840e-01 9.643456e-03 6.257511e+01 -1.490875e-02 -4.671023e-02 9.987972e-01 4.293765e-01
-1.042969e-01 -9.933011e-01 -4.975042e-02 -1.568419e+00 9.944143e-01 -1.049671e-01 1.104618e-02 6.404226e+01 -1.619433e-02 -4.832045e-02 9.987006e-01 4.107162e-01
-9.517558e-02 -9.942190e-01 -4.970060e-02 -1.721481e+00 9.953034e-01 -9.592884e-02 1.299180e-02 6.551263e+01 -1.768441e-02 -4.823067e-02 9.986797e-01 3.899231e-01
-8.068447e-02 -9.954063e-01 -5.154024e-02 -1.590103e+00 9.965898e-01 -8.146116e-02 1.314752e-02 6.576179e+01 -1.728565e-02 -5.030367e-02 9.985844e-01 3.656810e-01
-7.119847e-02 -9.959703e-01 -5.453412e-02 -1.722431e+00 9.973106e-01 -7.203426e-02 1.351436e-02 6.729563e+01 -1.738823e-02 -5.342526e-02 9.984204e-01 3.420929e-01
-6.123589e-02 -9.967974e-01 -5.143040e-02 -1.820786e+00 9.979016e-01 -6.222704e-02 1.789540e-02 6.885258e+01 -2.103845e-02 -5.022664e-02 9.985162e-01 3.176806e-01
-5.344529e-02 -9.973647e-01 -4.906288e-02 -1.911284e+00 9.983388e-01 -5.442744e-02 1.890428e-02 7.042089e+01 -2.152483e-02 -4.797103e-02 9.986168e-01 2.935875e-01
-4.600633e-02 -9.979454e-01 -4.459184e-02 -1.973119e+00 9.987546e-01 -4.681458e-02 1.725344e-02 7.201283e+01 -1.930554e-02 -4.374254e-02 9.988563e-01 2.626990e-01
-3.821818e-02 -9.983326e-01 -4.326013e-02 -2.032355e+00 9.990451e-01 -3.909094e-02 1.951147e-02 7.362766e+01 -2.117002e-02 -4.247313e-02 9.988733e-01 2.376872e-01
-3.177148e-02 -9.983749e-01 -4.730931e-02 -2.085088e+00 9.992549e-01 -3.276600e-02 2.039666e-02 7.528336e+01 -2.191365e-02 -4.662603e-02 9.986720e-01 2.126493e-01
-2.788047e-02 -9.984148e-01 -4.889377e-02 -2.126643e+00 9.994585e-01 -2.869784e-02 1.609552e-02 7.693820e+01 -1.747315e-02 -4.841855e-02 9.986743e-01 1.773959e-01
-2.398830e-02 -9.984933e-01 -4.935212e-02 -2.154835e+00 9.995749e-01 -2.477412e-02 1.537320e-02 7.864893e+01 -1.657269e-02 -4.896236e-02 9.986631e-01 1.532949e-01
-2.014747e-02 -9.985587e-01 -4.974488e-02 -2.195845e+00 9.996452e-01 -2.098648e-02 1.640186e-02 8.034633e+01 -1.742219e-02 -4.939677e-02 9.986273e-01 1.311228e-01
-1.684830e-02 -9.987678e-01 -4.668062e-02 -2.215179e+00 9.997030e-01 -1.764951e-02 1.680502e-02 8.209058e+01 -1.760820e-02 -4.638362e-02 9.987685e-01 1.085849e-01
-2.186869e-02 -9.987309e-01 -4.536882e-02 -2.568676e+00 9.996089e-01 -2.263395e-02 1.642294e-02 8.248867e+01 -1.742897e-02 -4.499193e-02 9.988353e-01 5.162109e-02
-1.902535e-02 -9.986825e-01 -4.765819e-02 -2.605339e+00 9.997029e-01 -1.972786e-02 1.431384e-02 8.424259e+01 -1.523518e-02 -4.737171e-02 9.987611e-01 3.006251e-02
-1.674744e-02 -9.987022e-01 -4.809789e-02 -2.628073e+00 9.996884e-01 -1.761569e-02 1.768494e-02 8.605353e+01 -1.850926e-02 -4.778673e-02 9.986861e-01 1.220686e-02
-1.512507e-02 -9.987325e-01 -4.800583e-02 -2.634478e+00 9.997104e-01 -1.600376e-02 1.797257e-02 8.786983e+01 -1.871806e-02 -4.772009e-02 9.986853e-01 -1.968470e-02
-1.383379e-02 -9.987980e-01 -4.702246e-02 -2.634080e+00 9.998145e-01 -1.444755e-02 1.273784e-02 8.973040e+01 -1.340189e-02 -4.683752e-02 9.988126e-01 -5.209223e-02
-1.285848e-02 -9.988508e-01 -4.617044e-02 -2.648099e+00 9.998651e-01 -1.331582e-02 9.611450e-03 9.156670e+01 -1.021520e-02 -4.604062e-02 9.988873e-01 -6.610510e-02
-1.205792e-02 -9.987030e-01 -4.946560e-02 -2.674250e+00 9.998706e-01 -1.256937e-02 1.004150e-02 9.344093e+01 -1.065023e-02 -4.933812e-02 9.987253e-01 -7.467221e-02
-1.027386e-02 -9.988680e-01 -4.644626e-02 -2.679736e+00 9.998372e-01 -1.095072e-02 1.434211e-02 9.533241e+01 -1.483450e-02 -4.629135e-02 9.988178e-01 -7.966080e-02
-1.124698e-02 -9.988622e-01 -4.634407e-02 -2.667020e+00 9.998745e-01 -1.175125e-02 1.062287e-02 9.725275e+01 -1.115538e-02 -4.621878e-02 9.988691e-01 -1.142469e-01
-1.037648e-02 -9.991603e-01 -3.963690e-02 -2.664402e+00 9.999276e-01 -1.060954e-02 5.674213e-03 9.918338e+01 -6.089977e-03 -3.957515e-02 9.991980e-01 -1.179065e-01
-1.056180e-02 -9.991553e-01 -3.971308e-02 -2.657453e+00 9.998663e-01 -1.104831e-02 1.205117e-02 1.011493e+02 -1.247975e-02 -3.958049e-02 9.991384e-01 -1.166648e-01
-8.980544e-03 -9.991916e-01 -3.918439e-02 -2.685572e+00 9.997859e-01 -9.702617e-03 1.827647e-02 1.031494e+02 -1.864189e-02 -3.901187e-02 9.990648e-01 -1.337106e-01
-1.226368e-02 -9.992631e-01 -3.637187e-02 -2.920139e+00 9.997152e-01 -1.299775e-02 2.001502e-02 1.044337e+02 -2.047303e-02 -3.611605e-02 9.991379e-01 -1.928879e-01
-1.151100e-02 -9.992985e-01 -3.563597e-02 -2.934449e+00 9.998406e-01 -1.198912e-02 1.323232e-02 1.064688e+02 -1.365028e-02 -3.547797e-02 9.992772e-01 -2.276980e-01
5.297849e-04 -9.993495e-01 -3.605945e-02 -3.016898e+00 9.998929e-01 1.957751e-06 1.463615e-02 1.109546e+02 -1.462656e-02 -3.606334e-02 9.992425e-01 -2.599017e-01
-2.236639e-04 -9.993965e-01 -3.473666e-02 -3.001347e+00 9.999263e-01 -6.452469e-04 1.212581e-02 1.151347e+02 -1.214091e-02 -3.473138e-02 9.993229e-01 -3.082228e-01
-1.805236e-03 -9.993898e-01 -3.488228e-02 -2.974134e+00 9.999365e-01 -2.192159e-03 1.105717e-02 1.172004e+02 -1.112689e-02 -3.486010e-02 9.993303e-01 -3.234499e-01
-1.381119e-03 -9.992732e-01 -3.809544e-02 -2.969089e+00 9.999389e-01 -1.797973e-03 1.091027e-02 1.193251e+02 -1.097083e-02 -3.807804e-02 9.992145e-01 -3.362818e-01
-9.289832e-04 -9.992536e-01 -3.861799e-02 -2.947148e+00 9.999367e-01 -1.361206e-03 1.116749e-02 1.213806e+02 -1.121172e-02 -3.860517e-02 9.991916e-01 -3.488709e-01
-1.477651e-03 -9.992887e-01 -3.768260e-02 -2.945179e+00 9.999241e-01 -1.937420e-03 1.216749e-02 1.234626e+02 -1.223184e-02 -3.766176e-02 9.992157e-01 -3.544843e-01
-2.251708e-03 -9.993991e-01 -3.458943e-02 -2.938678e+00 9.999098e-01 -2.708143e-03 1.315461e-02 1.255800e+02 -1.324038e-02 -3.455669e-02 9.993150e-01 -3.605920e-01
-2.131629e-03 -9.994213e-01 -3.395018e-02 -2.954752e+00 9.999443e-01 -2.481350e-03 1.026222e-02 1.276641e+02 -1.034052e-02 -3.392641e-02 9.993708e-01 -3.741364e-01
-2.700302e-03 -9.993971e-01 -3.461409e-02 -2.922640e+00 9.999716e-01 -2.942026e-03 6.934348e-03 1.297681e+02 -7.032003e-03 -3.459439e-02 9.993767e-01 -3.813058e-01
-3.415682e-03 -9.993922e-01 -3.469261e-02 -2.930524e+00 9.999770e-01 -3.616778e-03 5.735405e-03 1.318397e+02 -5.857395e-03 -3.467222e-02 9.993816e-01 -3.874206e-01
-4.816031e-03 -9.993210e-01 -3.652794e-02 -2.928043e+00 9.999783e-01 -4.977368e-03 4.327147e-03 1.339600e+02 -4.506022e-03 -3.650630e-02 9.993233e-01 -3.879802e-01
-5.423635e-03 -9.992693e-01 -3.783352e-02 -2.948676e+00 9.999766e-01 -5.577818e-03 3.970957e-03 1.353551e+02 -4.179084e-03 -3.781109e-02 9.992762e-01 -4.126305e-01
-6.524159e-03 -9.991909e-01 -3.968624e-02 -2.961445e+00 9.999721e-01 -6.663316e-03 3.375161e-03 1.374777e+02 -3.636872e-03 -3.966311e-02 9.992065e-01 -4.060959e-01
-5.926833e-03 -9.994945e-01 -3.123351e-02 -2.951834e+00 9.999583e-01 -6.140622e-03 6.753401e-03 1.395789e+02 -6.941780e-03 -3.119218e-02 9.994893e-01 -3.925072e-01
-6.450542e-03 -9.993775e-01 -3.468296e-02 -2.955528e+00 9.999622e-01 -6.648967e-03 5.608812e-03 1.416819e+02 -5.835927e-03 -3.464547e-02 9.993826e-01 -3.889048e-01
-5.608199e-03 -9.992478e-01 -3.837256e-02 -2.959796e+00 9.999814e-01 -5.512372e-03 -2.602631e-03 1.437786e+02 2.389150e-03 -3.838645e-02 9.992601e-01 -3.979872e-01
-4.473697e-03 -9.992687e-01 -3.797521e-02 -2.970658e+00 9.999860e-01 -4.577469e-03 2.646107e-03 1.458501e+02 -2.818002e-03 -3.796284e-02 9.992752e-01 -3.721875e-01
-3.988060e-03 -9.993292e-01 -3.640341e-02 -2.953536e+00 9.999920e-01 -3.970121e-03 -5.650750e-04 1.479183e+02 4.201700e-04 -3.640537e-02 9.993370e-01 -3.606320e-01
-3.710853e-03 -9.992621e-01 -3.822897e-02 -2.965877e+00 9.999803e-01 -3.514250e-03 -5.208710e-03 1.499970e+02 5.070520e-03 -3.824754e-02 9.992554e-01 -3.521073e-01
-2.874409e-03 -9.991984e-01 -3.992967e-02 -2.955094e+00 9.999942e-01 -2.800216e-03 -1.913898e-03 1.520587e+02 1.800552e-03 -3.993495e-02 9.992007e-01 -3.235170e-01
-3.225126e-03 -9.991580e-01 -4.090119e-02 -2.954800e+00 9.999947e-01 -3.201745e-03 -6.371373e-04 1.541268e+02 5.056456e-04 -4.090303e-02 9.991630e-01 -3.015995e-01
-2.714194e-03 -9.991406e-01 -4.136038e-02 -2.956784e+00 9.999950e-01 -2.643598e-03 -1.761436e-03 1.561517e+02 1.650582e-03 -4.136495e-02 9.991427e-01 -2.863254e-01
-2.196590e-03 -9.991306e-01 -4.163217e-02 -2.950076e+00 9.999964e-01 -2.129349e-03 -1.659397e-03 1.581702e+02 1.569305e-03 -4.163566e-02 9.991316e-01 -2.706077e-01
-3.352918e-03 -9.991648e-01 -4.072472e-02 -2.952924e+00 9.999943e-01 -3.366749e-03 2.710561e-04 1.601878e+02 -4.079396e-04 -4.072358e-02 9.991704e-01 -2.475535e-01
-6.907803e-03 -9.991997e-01 -3.939853e-02 -2.926826e+00 9.999753e-01 -6.954760e-03 1.054899e-03 1.621785e+02 -1.328062e-03 -3.939026e-02 9.992230e-01 -2.283596e-01
-1.238225e-02 -9.991859e-01 -3.839633e-02 -2.929583e+00 9.999148e-01 -1.253140e-02 3.646283e-03 1.651049e+02 -4.124474e-03 -3.834791e-02 9.992559e-01 -1.979206e-01
-1.549939e-02 -9.992345e-01 -3.592032e-02 -2.934035e+00 9.998733e-01 -1.561961e-02 3.068600e-03 1.669175e+02 -3.627313e-03 -3.586821e-02 9.993499e-01 -1.809811e-01
-2.031136e-02 -9.991373e-01 -3.622232e-02 -2.946858e+00 9.997900e-01 -2.039711e-02 1.999538e-03 1.687336e+02 -2.736644e-03 -3.617409e-02 9.993418e-01 -1.591301e-01
-2.293275e-02 -9.991075e-01 -3.547380e-02 -2.949838e+00 9.997336e-01 -2.282534e-02 -3.429890e-03 1.704384e+02 2.617127e-03 -3.554301e-02 9.993647e-01 -1.500494e-01
-2.509375e-02 -9.991387e-01 -3.304677e-02 -2.838953e+00 9.990790e-01 -2.391383e-02 -3.562814e-02 1.717979e+02 3.480718e-02 -3.391038e-02 9.988186e-01 -1.530717e-01
-2.382798e-02 -9.992135e-01 -3.169593e-02 -2.857183e+00 9.994418e-01 -2.306681e-02 -2.416740e-02 1.732988e+02 2.341727e-02 -3.225410e-02 9.992053e-01 -3.981476e-02
-2.030059e-02 -9.990760e-01 -3.788142e-02 -2.881698e+00 9.986563e-01 -2.206993e-02 4.688916e-02 1.749330e+02 -4.768188e-02 -3.687864e-02 9.981815e-01 3.667253e-02
-2.465510e-02 -9.991234e-01 -3.383169e-02 -2.899319e+00 9.995295e-01 -2.525458e-02 1.740800e-02 1.765135e+02 -1.824715e-02 -3.338658e-02 9.992759e-01 -7.750892e-02
-2.173046e-02 -9.993100e-01 -3.012033e-02 -2.933798e+00 9.992338e-01 -2.072817e-02 -3.319822e-02 1.778997e+02 3.255098e-02 -3.081866e-02 9.989948e-01 -1.106541e-01
-1.742196e-02 -9.993425e-01 -3.179815e-02 -2.987594e+00 9.998481e-01 -1.739713e-02 -1.057109e-03 1.809451e+02 5.032168e-04 -3.181173e-02 9.994938e-01 -1.054957e-02
-1.530469e-02 -9.993987e-01 -3.111356e-02 -3.012744e+00 9.997478e-01 -1.478365e-02 -1.690792e-02 1.831652e+02 1.643778e-02 -3.136448e-02 9.993728e-01 8.443618e-03
-1.185792e-02 -9.993114e-01 -3.515849e-02 -3.006012e+00 9.998331e-01 -1.136083e-02 -1.430471e-02 1.846566e+02 1.389543e-02 -3.532225e-02 9.992794e-01 4.318818e-02
-1.004831e-02 -9.993718e-01 -3.398628e-02 -3.022769e+00 9.998708e-01 -9.615132e-03 -1.288511e-02 1.861362e+02 1.255023e-02 -3.411136e-02 9.993392e-01 6.431964e-02
-9.447991e-03 -9.994107e-01 -3.300012e-02 -3.004782e+00 9.998331e-01 -8.925588e-03 -1.594194e-02 1.876346e+02 1.563800e-02 -3.314523e-02 9.993282e-01 9.265134e-02
-9.873168e-03 -9.994328e-01 -3.219738e-02 -3.033622e+00 9.998681e-01 -9.451990e-03 -1.320720e-02 1.891183e+02 1.289538e-02 -3.232353e-02 9.993943e-01 1.245310e-01
-1.538190e-02 -9.993994e-01 -3.105177e-02 -3.017887e+00 9.998079e-01 -1.499595e-02 -1.262429e-02 1.906012e+02 1.215105e-02 -3.123999e-02 9.994380e-01 1.534500e-01
-2.546136e-02 -9.992463e-01 -2.930147e-02 -3.043101e+00 9.996012e-01 -2.509032e-02 -1.296151e-02 1.920647e+02 1.221656e-02 -2.961980e-02 9.994866e-01 1.817695e-01
-3.811793e-02 -9.988868e-01 -2.778929e-02 -3.098296e+00 9.992247e-01 -3.782707e-02 -1.091814e-02 1.934939e+02 9.854801e-03 -2.818392e-02 9.995542e-01 2.059713e-01
-5.371293e-02 -9.981617e-01 -2.807313e-02 -3.138175e+00 9.985148e-01 -5.343289e-02 -1.063243e-02 1.949612e+02 9.112854e-03 -2.860254e-02 9.995493e-01 2.326345e-01
-7.173341e-02 -9.969846e-01 -2.959687e-02 -3.188700e+00 9.973961e-01 -7.147859e-02 -9.580946e-03 1.963804e+02 7.436513e-03 -3.020708e-02 9.995160e-01 2.577382e-01
-9.329497e-02 -9.952372e-01 -2.826664e-02 -3.294243e+00 9.956147e-01 -9.305883e-02 -9.560288e-03 1.977417e+02 6.884293e-03 -2.903461e-02 9.995547e-01 2.746687e-01
-1.221223e-01 -9.920492e-01 -3.040517e-02 -3.412228e+00 9.924863e-01 -1.218281e-01 -1.135545e-02 1.990847e+02 7.560963e-03 -3.156347e-02 9.994732e-01 2.989772e-01
-1.573911e-01 -9.870975e-01 -2.943902e-02 -3.583454e+00 9.875192e-01 -1.571426e-01 -1.058679e-02 2.003483e+02 5.824069e-03 -3.073786e-02 9.995105e-01 3.166454e-01
-1.966090e-01 -9.798362e-01 -3.557916e-02 -3.772455e+00 9.804789e-01 -1.963876e-01 -9.648682e-03 2.016025e+02 2.466824e-03 -3.678163e-02 9.993203e-01 3.330525e-01
-2.458664e-01 -9.686297e-01 -3.614194e-02 -4.064925e+00 9.693036e-01 -2.457176e-01 -8.572474e-03 2.027808e+02 -5.771584e-04 -3.714019e-02 9.993099e-01 3.594527e-01
-2.967477e-01 -9.542219e-01 -3.743393e-02 -4.408083e+00 9.549555e-01 -2.965573e-01 -1.066879e-02 2.039100e+02 -9.209176e-04 -3.891368e-02 9.992422e-01 3.605503e-01
-3.490188e-01 -9.360923e-01 -4.378435e-02 -4.834328e+00 9.371157e-01 -3.486481e-01 -1.608475e-02 2.050558e+02 -2.085213e-04 -4.664488e-02 9.989115e-01 3.706445e-01
-4.276000e-01 -9.023687e-01 -5.374909e-02 -5.491114e+00 9.039125e-01 -4.274763e-01 -1.435789e-02 2.066886e+02 -1.002036e-02 -5.472391e-02 9.984512e-01 3.847749e-01
-5.600520e-01 -8.249540e-01 -7.610964e-02 -6.833495e+00 8.278390e-01 -5.608164e-01 -1.294447e-02 2.090877e+02 -3.200494e-02 -7.025610e-02 9.970154e-01 3.463764e-01
-6.127840e-01 -7.869639e-01 -7.199711e-02 -7.529284e+00 7.895163e-01 -6.135948e-01 -1.286101e-02 2.100287e+02 -3.405591e-02 -6.472391e-02 9.973219e-01 3.326687e-01
-6.639919e-01 -7.446414e-01 -6.800000e-02 -8.166985e+00 7.470113e-01 -6.646095e-01 -1.637757e-02 2.109050e+02 -3.299803e-02 -6.167135e-02 9.975509e-01 2.770911e-01
-7.111162e-01 -6.992124e-01 -7.359168e-02 -8.957130e+00 7.023146e-01 -7.113107e-01 -2.812911e-02 2.117092e+02 -3.267833e-02 -7.168758e-02 9.968917e-01 2.467325e-01
-7.544324e-01 -6.535757e-01 -6.058484e-02 -9.788667e+00 6.554972e-01 -7.549834e-01 -1.798451e-02 2.124969e+02 -3.398631e-02 -5.328129e-02 9.980010e-01 2.177114e-01
-7.942412e-01 -6.051313e-01 -5.474469e-02 -1.061348e+01 6.066753e-01 -7.947795e-01 -1.645033e-02 2.132547e+02 -3.355535e-02 -4.627778e-02 9.983649e-01 1.612900e-01
-8.288182e-01 -5.571555e-01 -5.136342e-02 -1.155779e+01 5.589235e-01 -8.286723e-01 -3.011167e-02 2.139063e+02 -2.578656e-02 -5.366532e-02 9.982260e-01 1.363430e-01
-8.602364e-01 -5.084462e-01 -3.841668e-02 -1.251568e+01 5.095144e-01 -8.600626e-01 -2.622031e-02 2.145563e+02 -1.970914e-02 -4.212952e-02 9.989177e-01 9.368094e-02
-9.003740e-01 -4.328577e-01 -4.428200e-02 -1.404086e+01 4.339618e-01 -9.007319e-01 -1.895205e-02 2.154112e+02 -3.168267e-02 -3.628063e-02 9.988393e-01 5.507767e-02
-9.434707e-01 -3.286663e-01 -4.291334e-02 -1.621394e+01 3.290855e-01 -9.442957e-01 -2.896951e-03 2.163455e+02 -3.957075e-02 -1.685535e-02 9.990746e-01 -1.096725e-02
-9.594992e-01 -2.785097e-01 -4.235071e-02 -1.737501e+01 2.784458e-01 -9.604225e-01 7.518450e-03 2.167387e+02 -4.276853e-02 -4.578430e-03 9.990745e-01 -5.062021e-02
-9.724948e-01 -2.297120e-01 -3.855253e-02 -1.856921e+01 2.294701e-01 -9.732575e-01 1.064421e-02 2.170885e+02 -3.996664e-02 1.504788e-03 9.991999e-01 -1.095454e-01
-9.886773e-01 -1.423628e-01 -4.743435e-02 -2.107520e+01 1.418131e-01 -9.897832e-01 1.477648e-02 2.175793e+02 -4.905334e-02 7.882353e-03 9.987651e-01 -2.146926e-01
-9.924492e-01 -1.124696e-01 -4.893963e-02 -2.237413e+01 1.123953e-01 -9.936544e-01 4.275566e-03 2.177195e+02 -4.910995e-02 -1.257305e-03 9.987926e-01 -2.572677e-01
-9.955101e-01 -8.363258e-02 -4.433085e-02 -2.430827e+01 8.362889e-02 -9.964951e-01 1.941180e-03 2.179035e+02 -4.433782e-02 -1.774876e-03 9.990150e-01 -3.416068e-01
-9.965490e-01 -6.726673e-02 -4.863401e-02 -2.634562e+01 6.758497e-02 -9.977014e-01 -4.927105e-03 2.180542e+02 -4.819078e-02 -8.197029e-03 9.988045e-01 -4.272068e-01
-9.972174e-01 -5.919126e-02 -4.531865e-02 -2.768026e+01 5.944071e-02 -9.982231e-01 -4.175734e-03 2.181456e+02 -4.499095e-02 -6.857887e-03 9.989639e-01 -4.755875e-01
-9.979689e-01 -4.561850e-02 -4.446345e-02 -2.971199e+01 4.581586e-02 -9.989440e-01 -3.429343e-03 2.182833e+02 -4.426006e-02 -5.459509e-03 9.990051e-01 -5.668757e-01
-9.984285e-01 -3.607100e-02 -4.288742e-02 -3.107928e+01 3.619128e-02 -9.993428e-01 -2.031243e-03 2.183555e+02 -4.278597e-02 -3.580202e-03 9.990778e-01 -6.164883e-01
-9.986259e-01 -2.449639e-02 -4.632840e-02 -3.240257e+01 2.451916e-02 -9.996994e-01 7.678837e-05 2.184043e+02 -4.631636e-02 -1.059251e-03 9.989263e-01 -6.661202e-01
-9.989473e-01 -9.331426e-03 -4.491296e-02 -3.375916e+01 9.318729e-03 -9.999565e-01 4.920781e-04 2.184598e+02 -4.491560e-02 7.302846e-05 9.989908e-01 -7.142659e-01
-9.988949e-01 1.227748e-02 -4.536760e-02 -3.508451e+01 -1.250704e-02 -9.999104e-01 4.779775e-03 2.184857e+02 -4.530485e-02 5.341908e-03 9.989589e-01 -7.650670e-01
-9.979564e-01 4.247187e-02 -4.774089e-02 -3.641866e+01 -4.274755e-02 -9.990745e-01 4.768122e-03 2.184751e+02 -4.749420e-02 6.799184e-03 9.988484e-01 -8.080614e-01
-9.955892e-01 8.007202e-02 -4.889299e-02 -3.773305e+01 -8.045257e-02 -9.967412e-01 5.862512e-03 2.184268e+02 -4.826424e-02 9.770221e-03 9.987868e-01 -8.528067e-01
-9.912768e-01 1.232191e-01 -4.676938e-02 -3.901866e+01 -1.235971e-01 -9.923185e-01 5.266827e-03 2.183108e+02 -4.576115e-02 1.100144e-02 9.988918e-01 -8.943973e-01
-9.785242e-01 2.004104e-01 -4.822923e-02 -4.090830e+01 -2.006666e-01 -9.796595e-01 4.791728e-04 2.180091e+02 -4.715219e-02 1.014688e-02 9.988362e-01 -9.642289e-01
-9.651691e-01 2.565285e-01 -5.139834e-02 -4.211130e+01 -2.564878e-01 -9.665184e-01 -7.497587e-03 2.177215e+02 -5.160078e-02 5.946610e-03 9.986501e-01 -9.962847e-01
-9.473332e-01 3.165378e-01 -4.861757e-02 -4.329092e+01 -3.158337e-01 -9.485654e-01 -2.174276e-02 2.173681e+02 -5.299935e-02 -5.242568e-03 9.985808e-01 -1.042754e+00
-9.248756e-01 3.768016e-01 -5.124101e-02 -4.441319e+01 -3.756060e-01 -9.262401e-01 -3.161389e-02 2.169584e+02 -5.937364e-02 -9.992489e-03 9.981858e-01 -1.091314e+00
-8.975936e-01 4.374873e-01 -5.413480e-02 -4.549884e+01 -4.361698e-01 -8.991925e-01 -3.476670e-02 2.164897e+02 -6.388760e-02 -7.594410e-03 9.979282e-01 -1.154068e+00
-8.640740e-01 5.001450e-01 -5.684178e-02 -4.655058e+01 -4.996563e-01 -8.659041e-01 -2.353157e-02 2.159567e+02 -6.098873e-02 8.068333e-03 9.981058e-01 -1.220846e+00
-8.245253e-01 5.636989e-01 -4.900538e-02 -4.751468e+01 -5.629043e-01 -8.259756e-01 -3.005216e-02 2.153329e+02 -5.741762e-02 2.806570e-03 9.983463e-01 -1.266610e+00
-7.744942e-01 6.305516e-01 -5.063064e-02 -4.847852e+01 -6.299612e-01 -7.760890e-01 -2.889225e-02 2.146786e+02 -5.751193e-02 9.518462e-03 9.982994e-01 -1.333297e+00
-7.193556e-01 6.918462e-01 -6.225990e-02 -4.932048e+01 -6.919541e-01 -7.215652e-01 -2.330687e-02 2.139591e+02 -6.104935e-02 2.631506e-02 9.977878e-01 -1.371203e+00
-6.577502e-01 7.514311e-01 -5.211559e-02 -5.009160e+01 -7.506871e-01 -6.596407e-01 -3.664727e-02 2.131349e+02 -6.191546e-02 1.501776e-02 9.979684e-01 -1.424332e+00
-5.909913e-01 8.048856e-01 -5.374409e-02 -5.080682e+01 -8.047686e-01 -5.928637e-01 -2.932815e-02 2.123028e+02 -5.546872e-02 2.591887e-02 9.981240e-01 -1.482814e+00
-4.869191e-01 8.718636e-01 -5.257068e-02 -5.168098e+01 -8.721242e-01 -4.886115e-01 -2.565377e-02 2.109567e+02 -4.805323e-02 3.335686e-02 9.982876e-01 -1.560264e+00
-4.154952e-01 9.087110e-01 -4.010100e-02 -5.215089e+01 -9.088700e-01 -4.165205e-01 -2.158668e-02 2.100097e+02 -3.631894e-02 2.747744e-02 9.989624e-01 -1.597729e+00
-3.465238e-01 9.366180e-01 -5.165335e-02 -5.259787e+01 -9.373176e-01 -3.478936e-01 -2.014446e-02 2.090297e+02 -3.683753e-02 4.143506e-02 9.984619e-01 -1.621624e+00
-2.891568e-01 9.563495e-01 -4.223824e-02 -5.290047e+01 -9.564394e-01 -2.904716e-01 -2.915494e-02 2.080014e+02 -4.015132e-02 3.196797e-02 9.986821e-01 -1.631629e+00
-2.144164e-01 9.754196e-01 -5.081505e-02 -5.329390e+01 -9.764685e-01 -2.152979e-01 -1.249454e-02 2.064691e+02 -2.312779e-02 4.694026e-02 9.986299e-01 -1.687202e+00
-1.566714e-01 9.868668e-01 -3.934354e-02 -5.356147e+01 -9.874337e-01 -1.573479e-01 -1.471134e-02 2.048765e+02 -2.070876e-02 3.654429e-02 9.991174e-01 -1.714257e+00
-1.243075e-01 9.910435e-01 -4.878916e-02 -5.374136e+01 -9.920746e-01 -1.250438e-01 -1.232916e-02 2.038107e+02 -1.831951e-02 4.686988e-02 9.987330e-01 -1.728140e+00
-9.823939e-02 9.938735e-01 -5.064076e-02 -5.386841e+01 -9.950460e-01 -9.888036e-02 -1.030513e-02 2.027477e+02 -1.524937e-02 4.937752e-02 9.986638e-01 -1.756839e+00
-7.756206e-02 9.964956e-01 -3.131551e-02 -5.394173e+01 -9.967502e-01 -7.819071e-02 -1.937382e-02 2.016400e+02 -2.175451e-02 2.971106e-02 9.993218e-01 -1.765841e+00
-6.066761e-02 9.974146e-01 -3.851684e-02 -5.403850e+01 -9.977694e-01 -6.167550e-02 -2.554100e-02 2.005315e+02 -2.785051e-02 3.688141e-02 9.989315e-01 -1.740816e+00
-4.802484e-02 9.978113e-01 -4.545506e-02 -5.410965e+01 -9.982017e-01 -4.957861e-02 -3.369523e-02 1.994424e+02 -3.587508e-02 4.375511e-02 9.983980e-01 -1.785043e+00
-4.027035e-02 9.989127e-01 -2.348957e-02 -5.415659e+01 -9.989141e-01 -4.079937e-02 -2.249446e-02 1.978221e+02 -2.342836e-02 2.255820e-02 9.994710e-01 -1.817680e+00
-4.049482e-02 9.985992e-01 -3.405668e-02 -5.422751e+01 -9.990434e-01 -4.102875e-02 -1.512758e-02 1.967507e+02 -1.650369e-02 3.341151e-02 9.993054e-01 -1.836056e+00
-4.424153e-02 9.984134e-01 -3.483427e-02 -5.427497e+01 -9.987640e-01 -4.499396e-02 -2.112069e-02 1.956853e+02 -2.265451e-02 3.385681e-02 9.991699e-01 -1.856008e+00
-5.129983e-02 9.983731e-01 -2.488973e-02 -5.431385e+01 -9.983459e-01 -5.191434e-02 -2.470527e-02 1.946367e+02 -2.595721e-02 2.358118e-02 9.993849e-01 -1.872807e+00
-6.063366e-02 9.976176e-01 -3.290360e-02 -5.438398e+01 -9.977333e-01 -6.153862e-02 -2.722456e-02 1.936147e+02 -2.918454e-02 3.117829e-02 9.990877e-01 -1.847502e+00
-7.473850e-02 9.965618e-01 -3.576054e-02 -5.448377e+01 -9.969604e-01 -7.546350e-02 -1.937077e-02 1.925800e+02 -2.200278e-02 3.420410e-02 9.991726e-01 -1.889074e+00
-9.362138e-02 9.953721e-01 -2.166785e-02 -5.454016e+01 -9.953680e-01 -9.405440e-02 -1.990933e-02 1.915489e+02 -2.185515e-02 1.970354e-02 9.995670e-01 -1.913822e+00
-1.162082e-01 9.929251e-01 -2.440020e-02 -5.466458e+01 -9.929604e-01 -1.167090e-01 -2.021268e-02 1.905506e+02 -2.291740e-02 2.187956e-02 9.994979e-01 -1.895515e+00
-1.707145e-01 9.849323e-01 -2.765715e-02 -5.491622e+01 -9.850869e-01 -1.712180e-01 -1.697706e-02 1.886151e+02 -2.145665e-02 2.434646e-02 9.994733e-01 -1.988792e+00
-2.322204e-01 9.722389e-01 -2.872638e-02 -5.529882e+01 -9.722105e-01 -2.329120e-01 -2.363751e-02 1.867780e+02 -2.967203e-02 2.243897e-02 9.993078e-01 -2.020743e+00
-3.070000e-01 9.516620e-01 -9.506001e-03 -5.580321e+01 -9.513750e-01 -3.071416e-01 -2.344367e-02 1.850084e+02 -2.523014e-02 1.846565e-03 9.996800e-01 -1.966785e+00
-3.693039e-01 9.292554e-01 -9.946905e-03 -5.625314e+01 -9.290168e-01 -3.694350e-01 -2.110973e-02 1.837506e+02 -2.329107e-02 1.444935e-03 9.997277e-01 -1.998034e+00
-4.616313e-01 8.867888e-01 -2.240646e-02 -5.698284e+01 -8.861060e-01 -4.621600e-01 -3.499060e-02 1.821283e+02 -4.138464e-02 3.701746e-03 9.991364e-01 -2.014574e+00
-5.695446e-01 8.215116e-01 -2.716023e-02 -5.783695e+01 -8.210970e-01 -5.701498e-01 -2.699828e-02 1.806778e+02 -3.766480e-02 6.924457e-03 9.992664e-01 -2.055104e+00
-6.923055e-01 7.211290e-01 -2.619286e-02 -5.891019e+01 -7.206283e-01 -6.928008e-01 -2.686888e-02 1.793754e+02 -3.752236e-02 2.738413e-04 9.992958e-01 -2.105178e+00
-8.018058e-01 5.963467e-01 -3.844542e-02 -6.011040e+01 -5.961317e-01 -8.026829e-01 -1.808822e-02 1.783108e+02 -4.164633e-02 8.415291e-03 9.990970e-01 -2.112375e+00
-8.877806e-01 4.592888e-01 -2.998966e-02 -6.144540e+01 -4.588085e-01 -8.882699e-01 -2.171120e-02 1.774357e+02 -3.661062e-02 -5.515274e-03 9.993144e-01 -2.192052e+00
-9.462319e-01 3.210858e-01 -3.935930e-02 -6.294484e+01 -3.208474e-01 -9.470497e-01 -1.240117e-02 1.768328e+02 -4.125705e-02 8.939494e-04 9.991482e-01 -2.234374e+00
-9.802295e-01 1.951379e-01 -3.273242e-02 -6.456504e+01 -1.948534e-01 -9.807626e-01 -1.169734e-02 1.763861e+02 -3.438533e-02 -5.088050e-03 9.993957e-01 -2.282054e+00
-9.941795e-01 1.010089e-01 -3.747431e-02 -6.638742e+01 -1.004520e-01 -9.948057e-01 -1.646045e-02 1.760926e+02 -3.894231e-02 -1.260027e-02 9.991620e-01 -2.344115e+00
-9.982203e-01 5.106598e-02 -3.079675e-02 -6.832882e+01 -5.077736e-02 -9.986591e-01 -1.008290e-02 1.760162e+02 -3.127035e-02 -8.501178e-03 9.994748e-01 -2.410646e+00
-9.988533e-01 3.762373e-02 -2.960803e-02 -6.937976e+01 -3.702247e-02 -9.991021e-01 -2.060030e-02 1.759760e+02 -3.035651e-02 -1.948051e-02 9.993493e-01 -2.433007e+00
-9.988772e-01 2.934471e-02 -3.719082e-02 -7.047574e+01 -2.867997e-02 -9.994214e-01 -1.828319e-02 1.759476e+02 -3.770582e-02 -1.719604e-02 9.991409e-01 -2.451609e+00
-9.989621e-01 2.531643e-02 -3.786579e-02 -7.159820e+01 -2.460082e-02 -9.995121e-01 -1.924669e-02 1.759293e+02 -3.833457e-02 -1.829519e-02 9.990975e-01 -2.478368e+00
-9.991261e-01 2.828274e-02 -3.077583e-02 -7.270483e+01 -2.756926e-02 -9.993468e-01 -2.336564e-02 1.758997e+02 -3.141657e-02 -2.249676e-02 9.992532e-01 -2.523388e+00
-9.988911e-01 3.181236e-02 -3.470698e-02 -7.381974e+01 -3.107667e-02 -9.992850e-01 -2.153477e-02 1.758804e+02 -3.536724e-02 -2.043232e-02 9.991655e-01 -2.551580e+00
-9.989123e-01 3.468393e-02 -3.116408e-02 -7.495804e+01 -3.402506e-02 -9.991912e-01 -2.142941e-02 1.758437e+02 -3.188213e-02 -2.034574e-02 9.992845e-01 -2.575093e+00
-9.988100e-01 4.106680e-02 -2.630608e-02 -7.669846e+01 -4.047115e-02 -9.989208e-01 -2.278899e-02 1.757918e+02 -2.721356e-02 -2.169724e-02 9.993941e-01 -2.638955e+00
-9.984869e-01 4.682475e-02 -2.883485e-02 -7.787740e+01 -4.622015e-02 -9.987044e-01 -2.128926e-02 1.757496e+02 -2.979436e-02 -1.992430e-02 9.993575e-01 -2.653326e+00
-9.982005e-01 5.248355e-02 -2.900563e-02 -7.909381e+01 -5.187304e-02 -9.984241e-01 -2.141491e-02 1.757071e+02 -3.008385e-02 -1.987176e-02 9.993498e-01 -2.678992e+00
-9.977827e-01 5.927381e-02 -3.027055e-02 -8.030314e+01 -5.856344e-02 -9.979990e-01 -2.383876e-02 1.756387e+02 -3.162299e-02 -2.201315e-02 9.992574e-01 -2.707636e+00
-9.972569e-01 6.854928e-02 -2.792398e-02 -8.154324e+01 -6.783051e-02 -9.973600e-01 -2.592287e-02 1.755717e+02 -2.962726e-02 -2.395766e-02 9.992739e-01 -2.737195e+00
-9.966722e-01 7.803091e-02 -2.357427e-02 -8.280133e+01 -7.735697e-02 -9.966028e-01 -2.826335e-02 1.754868e+02 -2.569960e-02 -2.634566e-02 9.993225e-01 -2.765786e+00
-9.959516e-01 8.748533e-02 -2.065531e-02 -8.405825e+01 -8.684989e-02 -9.957731e-01 -2.988355e-02 1.753823e+02 -2.318238e-02 -2.796866e-02 9.993399e-01 -2.778209e+00
-9.949691e-01 9.713034e-02 -2.453805e-02 -8.533855e+01 -9.630584e-02 -9.948110e-01 -3.280587e-02 1.752690e+02 -2.759717e-02 -3.027767e-02 9.991605e-01 -2.791983e+00
-9.940135e-01 1.059214e-01 -2.679034e-02 -8.664587e+01 -1.050334e-01 -9.939332e-01 -3.263223e-02 1.751408e+02 -3.008426e-02 -2.962299e-02 9.991083e-01 -2.808549e+00
-9.931641e-01 1.136756e-01 -2.651362e-02 -8.794887e+01 -1.128560e-01 -9.931401e-01 -3.059967e-02 1.749980e+02 -2.981018e-02 -2.739827e-02 9.991800e-01 -2.822031e+00
-9.925502e-01 1.193866e-01 -2.430742e-02 -8.929563e+01 -1.186993e-01 -9.925355e-01 -2.799543e-02 1.748512e+02 -2.746826e-02 -2.490160e-02 9.993125e-01 -2.838631e+00
-9.921813e-01 1.231818e-01 -2.006035e-02 -9.060976e+01 -1.226869e-01 -9.921485e-01 -2.427719e-02 1.747087e+02 -2.289336e-02 -2.162624e-02 9.995040e-01 -2.850145e+00
-9.918359e-01 1.264853e-01 -1.621949e-02 -9.196420e+01 -1.259008e-01 -9.914919e-01 -3.305822e-02 1.745223e+02 -2.026287e-02 -3.074628e-02 9.993218e-01 -2.860380e+00
-9.915195e-01 1.284071e-01 -2.001640e-02 -9.332989e+01 -1.278515e-01 -9.914276e-01 -2.693074e-02 1.743535e+02 -2.330290e-02 -2.414322e-02 9.994369e-01 -2.853004e+00
-9.915556e-01 1.279646e-01 -2.103726e-02 -9.469020e+01 -1.273743e-01 -9.914776e-01 -2.734999e-02 1.741803e+02 -2.435780e-02 -2.443943e-02 9.994045e-01 -2.880065e+00
-9.912128e-01 1.309243e-01 -1.887095e-02 -9.601775e+01 -1.303919e-01 -9.910915e-01 -2.712104e-02 1.740026e+02 -2.225364e-02 -2.442210e-02 9.994540e-01 -2.886520e+00
-9.910449e-01 1.321598e-01 -1.907564e-02 -9.735806e+01 -1.317628e-01 -9.910639e-01 -2.075613e-02 1.738417e+02 -2.164830e-02 -1.805679e-02 9.996026e-01 -2.897565e+00
-9.908907e-01 1.338565e-01 -1.476539e-02 -9.867057e+01 -1.335036e-01 -9.907873e-01 -2.274563e-02 1.736649e+02 -1.767401e-02 -2.056720e-02 9.996322e-01 -2.913446e+00
-9.908569e-01 1.344792e-01 -1.085876e-02 -1.000150e+02 -1.341927e-01 -9.906691e-01 -2.381245e-02 1.734857e+02 -1.395971e-02 -2.213757e-02 9.996575e-01 -2.913755e+00
-9.908204e-01 1.347843e-01 -1.040143e-02 -1.013002e+02 -1.344637e-01 -9.905498e-01 -2.703091e-02 1.733105e+02 -1.394648e-02 -2.538417e-02 9.995805e-01 -2.898906e+00
-9.908881e-01 1.343992e-01 -8.811928e-03 -1.025948e+02 -1.341342e-01 -9.906269e-01 -2.581572e-02 1.731516e+02 -1.219894e-02 -2.439851e-02 9.996279e-01 -2.896838e+00
-9.912452e-01 1.310759e-01 -1.587352e-02 -1.038995e+02 -1.306051e-01 -9.910459e-01 -2.775540e-02 1.729657e+02 -1.936945e-02 -2.543925e-02 9.994887e-01 -2.896550e+00
-9.932307e-01 1.159708e-01 -6.602924e-03 -1.077950e+02 -1.158427e-01 -9.931172e-01 -1.728550e-02 1.725161e+02 -8.562090e-03 -1.640359e-02 9.998288e-01 -2.933414e+00
-9.937995e-01 1.089640e-01 -2.212227e-02 -1.090649e+02 -1.085522e-01 -9.939085e-01 -1.903405e-02 1.723705e+02 -2.406154e-02 -1.651461e-02 9.995741e-01 -2.898486e+00
-9.948444e-01 1.005798e-01 -1.297635e-02 -1.103092e+02 -1.003316e-01 -9.947813e-01 -1.854082e-02 1.722506e+02 -1.477346e-02 -1.714330e-02 9.997439e-01 -2.876733e+00
-9.958110e-01 9.134535e-02 -4.052518e-03 -1.115580e+02 -9.127915e-02 -9.957229e-01 -1.428120e-02 1.721379e+02 -5.339707e-03 -1.385147e-02 9.998898e-01 -2.896365e+00
-9.966474e-01 8.171504e-02 -4.066220e-03 -1.128252e+02 -8.163933e-02 -9.965302e-01 -1.620244e-02 1.720345e+02 -5.376094e-03 -1.581615e-02 9.998605e-01 -2.879760e+00
-9.975887e-01 6.934399e-02 -2.872393e-03 -1.140821e+02 -6.929429e-02 -9.974866e-01 -1.479439e-02 1.719556e+02 -3.891075e-03 -1.455968e-02 9.998864e-01 -2.865103e+00
-9.984387e-01 5.579010e-02 -2.758226e-03 -1.153446e+02 -5.575107e-02 -9.983648e-01 -1.263210e-02 1.718911e+02 -3.458461e-03 -1.245860e-02 9.999164e-01 -2.853793e+00
-9.990814e-01 4.194095e-02 -8.795185e-03 -1.165903e+02 -4.185889e-02 -9.990801e-01 -9.315214e-03 1.718394e+02 -9.177783e-03 -8.938500e-03 9.999179e-01 -2.831439e+00
-9.996101e-01 2.729411e-02 -5.892530e-03 -1.178126e+02 -2.723559e-02 -9.995811e-01 -9.792499e-03 1.717831e+02 -6.157339e-03 -9.628195e-03 9.999347e-01 -2.813294e+00
-9.999411e-01 1.085099e-02 -3.636138e-04 -1.190430e+02 -1.084703e-02 -9.998957e-01 -9.537024e-03 1.717540e+02 -4.670620e-04 -9.532518e-03 9.999545e-01 -2.810741e+00
-9.999758e-01 -6.901825e-03 8.518900e-04 -1.202653e+02 6.899450e-03 -9.999724e-01 -2.759610e-03 1.717769e+02 8.709128e-04 -2.753666e-03 9.999958e-01 -2.799340e+00
-9.996966e-01 -2.457255e-02 1.692313e-03 -1.214960e+02 2.456811e-02 -9.996948e-01 -2.598595e-03 1.717884e+02 1.755651e-03 -2.556230e-03 9.999952e-01 -2.768805e+00
-9.990962e-01 -4.241970e-02 2.711716e-03 -1.227283e+02 4.242482e-02 -9.990979e-01 1.860796e-03 1.718486e+02 2.630335e-03 1.974158e-03 9.999946e-01 -2.719895e+00
-9.982133e-01 -5.974451e-02 8.678173e-04 -1.239633e+02 5.974823e-02 -9.981999e-01 5.214013e-03 1.719136e+02 5.547465e-04 5.256548e-03 9.999860e-01 -2.700875e+00
-9.970042e-01 -7.717503e-02 -5.167290e-03 -1.252023e+02 7.720339e-02 -9.970000e-01 -5.533191e-03 1.719907e+02 -4.724764e-03 -5.915547e-03 9.999713e-01 -2.665207e+00
-9.957975e-01 -9.157626e-02 -1.073729e-03 -1.264228e+02 9.157359e-02 -9.957956e-01 2.319269e-03 1.721042e+02 -1.281605e-03 2.211197e-03 9.999967e-01 -2.632617e+00
-9.944681e-01 -1.047212e-01 8.170805e-03 -1.276407e+02 1.046777e-01 -9.944906e-01 -5.577150e-03 1.722220e+02 8.709834e-03 -4.690996e-03 9.999511e-01 -2.641583e+00
-9.931124e-01 -1.171431e-01 2.297088e-03 -1.288871e+02 1.171253e-01 -9.930940e-01 -6.778038e-03 1.723475e+02 3.075225e-03 -6.462307e-03 9.999744e-01 -2.600009e+00
-9.918739e-01 -1.270437e-01 6.794162e-03 -1.301224e+02 1.270318e-01 -9.918963e-01 -2.158697e-03 1.725154e+02 7.013353e-03 -1.278081e-03 9.999746e-01 -2.559742e+00
