1.000000e+00 0.000000e+00 0.000000e+00 0.000000e+00 0.000000e+00 1.000000e+00 0.000000e+00 0.000000e+00 0.000000e+00 0.000000e+00 1.000000e+00 0.000000e+00
9.999951e-01 -2.504341e-03 -1.865117e-03 -1.088390e+00 2.494610e-03 9.999834e-01 -5.201698e-03 5.778890e-03 1.878113e-03 5.197020e-03 9.999847e-01 -3.431413e-02
9.999885e-01 -3.704387e-03 -3.051476e-03 -2.227099e+00 3.667899e-03 9.999227e-01 -1.187738e-02 1.575378e-02 3.095239e-03 1.186605e-02 9.999248e-01 -5.418480e-02
9.999876e-01 -4.463981e-03 -2.198525e-03 -3.400638e+00 4.422323e-03 9.998172e-01 -1.860196e-02 2.353131e-02 2.281162e-03 1.859201e-02 9.998246e-01 -1.049402e-01
9.999471e-01 -1.027666e-02 -3.148382e-04 -2.207436e+00 1.027443e-02 9.999266e-01 -6.414205e-03 9.882569e-03 3.807317e-04 6.410632e-03 9.999794e-01 -4.709915e-02
9.999244e-01 -1.218429e-02 1.635181e-03 -7.646445e-01 1.217664e-02 9.999152e-01 4.608281e-03 -3.502000e-03 -1.691191e-03 -4.588022e-03 9.999880e-01 5.030815e-03
9.999221e-01 -1.248317e-02 -2.465816e-04 7.498946e-01 1.248545e-02 9.998133e-01 1.474606e-02 3.968780e-03 6.245800e-05 -1.474799e-02 9.998912e-01 6.093995e-02
9.999144e-01 -1.303769e-02 1.102464e-03 1.851795e+00 1.301081e-02 9.996814e-01 2.162776e-02 3.096314e-02 -1.384089e-03 -2.161157e-02 9.997655e-01 9.293113e-02
9.999479e-01 -1.007436e-02 1.642371e-03 3.278004e+00 1.002421e-02 9.995542e-01 2.812349e-02 8.766890e-03 -1.924965e-03 -2.810557e-02 9.996031e-01 1.430251e-01
9.999623e-01 -8.455713e-03 1.962186e-03 4.728687e+00 8.380945e-03 9.993377e-01 3.541162e-02 1.341958e-02 -2.260317e-03 -3.539384e-02 9.993709e-01 1.874866e-01
9.999728e-01 -6.286786e-03 3.852782e-03 6.286382e+00 6.117224e-03 9.990758e-01 4.254559e-02 1.867174e-02 -4.116696e-03 -4.252086e-02 9.990871e-01 2.189918e-01
9.999751e-01 -3.963835e-03 5.845221e-03 7.992566e+00 3.665526e-03 9.987329e-01 5.019104e-02 1.438935e-02 -6.036764e-03 -5.016836e-02 9.987225e-01 2.505434e-01
9.999683e-01 -1.127965e-03 7.886337e-03 9.823312e+00 6.705619e-04 9.983301e-01 5.776329e-02 5.384048e-03 -7.938322e-03 -5.775617e-02 9.982992e-01 2.774619e-01
9.999606e-01 5.666406e-04 8.863860e-03 1.173643e+01 -1.153420e-03 9.977968e-01 6.633476e-02 -1.013020e-02 -8.806743e-03 -6.634237e-02 9.977581e-01 3.132133e-01
9.999756e-01 2.095114e-03 6.662771e-03 1.386140e+01 -2.593631e-03 9.971261e-01 7.571555e-02 -2.830705e-02 -6.484990e-03 -7.573098e-02 9.971072e-01 3.648754e-01
9.999702e-01 2.218272e-03 7.395605e-03 1.489860e+01 -2.802365e-03 9.967967e-01 7.992786e-02 -3.133135e-02 -7.194613e-03 -7.994621e-02 9.967732e-01 3.897685e-01
9.999676e-01 4.152867e-03 6.889563e-03 1.614170e+01 -4.708729e-03 9.965606e-01 8.273276e-02 -3.724296e-02 -6.522289e-03 -8.276252e-02 9.965480e-01 4.142080e-01
9.999511e-01 6.463149e-03 7.480637e-03 1.738099e+01 -7.077531e-03 9.963344e-01 8.525037e-02 -5.525810e-02 -6.902230e-03 -8.529915e-02 9.963315e-01 4.234802e-01
9.999695e-01 5.728423e-03 5.301320e-03 1.862267e+01 -6.176916e-03 9.960250e-01 8.886013e-02 -5.658445e-02 -4.771219e-03 -8.889017e-02 9.960300e-01 4.441280e-01
9.999725e-01 4.406843e-03 5.966629e-03 1.982330e+01 -4.791183e-03 9.978073e-01 6.601244e-02 -4.006584e-02 -5.662640e-03 -6.603921e-02 9.978010e-01 3.224708e-01
9.999804e-01 4.177590e-03 4.654976e-03 2.104486e+01 -4.504228e-03 9.973566e-01 7.252310e-02 -4.206818e-02 -4.339699e-03 -7.254265e-02 9.973559e-01 3.588290e-01
9.999531e-01 5.495101e-03 7.969299e-03 2.228918e+01 -6.088912e-03 9.970502e-01 7.651040e-02 -6.432153e-02 -7.525359e-03 -7.655534e-02 9.970369e-01 3.674894e-01
9.999610e-01 5.677337e-03 6.769058e-03 2.354508e+01 -6.194532e-03 9.968547e-01 7.900797e-02 -6.384170e-02 -6.299213e-03 -7.904682e-02 9.968510e-01 3.862496e-01
9.999832e-01 4.146082e-03 4.052937e-03 2.482136e+01 -4.465538e-03 9.965991e-01 8.228145e-02 -7.646240e-02 -3.698008e-03 -8.229816e-02 9.966009e-01 4.071043e-01
9.999809e-01 4.765641e-03 3.932327e-03 2.615837e+01 -5.089792e-03 9.961935e-01 8.702084e-02 -1.014068e-01 -3.502649e-03 -8.703919e-02 9.961987e-01 4.273288e-01
9.999864e-01 3.231910e-03 4.101315e-03 2.746573e+01 -3.511290e-03 9.975374e-01 7.004831e-02 -9.297726e-02 -3.864825e-03 -7.006175e-02 9.975352e-01 3.425291e-01
9.999732e-01 3.217184e-03 6.571270e-03 2.875097e+01 -3.708939e-03 9.970820e-01 7.624758e-02 -1.022492e-01 -6.306792e-03 -7.626991e-02 9.970673e-01 3.518804e-01
9.999581e-01 3.215231e-03 8.573797e-03 3.011141e+01 -3.896978e-03 9.967290e-01 8.072285e-02 -1.104014e-01 -8.286209e-03 -8.075288e-02 9.966997e-01 3.698549e-01
9.999661e-01 8.657948e-04 8.183360e-03 3.151252e+01 -1.501903e-03 9.969484e-01 7.804855e-02 -1.185864e-01 -8.090814e-03 -7.805820e-02 9.969160e-01 3.578060e-01
9.999659e-01 -6.818775e-04 8.224492e-03 3.289114e+01 7.353245e-05 9.972773e-01 7.374206e-02 -1.199691e-01 -8.252383e-03 -7.373895e-02 9.972434e-01 3.347768e-01
9.999663e-01 -1.104069e-03 8.138974e-03 3.429237e+01 4.652570e-04 9.969473e-01 7.807589e-02 -1.244917e-01 -8.200329e-03 -7.806947e-02 9.969142e-01 3.490168e-01
9.999481e-01 -2.984971e-03 9.736718e-03 3.573298e+01 2.252511e-03 9.972268e-01 7.438843e-02 -1.252357e-01 -9.931763e-03 -7.436264e-02 9.971818e-01 3.145969e-01
9.999372e-01 -5.681549e-03 9.659525e-03 3.716585e+01 4.941584e-03 9.971732e-01 7.497413e-02 -1.210405e-01 -1.005819e-02 -7.492169e-02 9.971387e-01 3.198621e-01
9.998932e-01 -1.074098e-02 9.910687e-03 3.862868e+01 9.974863e-03 9.971819e-01 7.435548e-02 -1.108719e-01 -1.068141e-02 -7.424868e-02 9.971826e-01 3.072315e-01
9.997263e-01 -2.102365e-02 1.026701e-02 4.008846e+01 2.022371e-02 9.971542e-01 7.262574e-02 -9.604208e-02 -1.176465e-02 -7.239822e-02 9.973064e-01 2.944173e-01
9.992956e-01 -3.579242e-02 1.128188e-02 4.154274e+01 3.489920e-02 9.968419e-01 7.133247e-02 -5.677457e-02 -1.379942e-02 -7.088849e-02 9.973888e-01 2.814718e-01
9.985602e-01 -5.213638e-02 1.262293e-02 4.303092e+01 5.108078e-02 9.960215e-01 7.301968e-02 1.648751e-03 -1.637969e-02 -7.226976e-02 9.972506e-01 2.681985e-01
9.975850e-01 -6.801218e-02 1.408928e-02 4.449005e+01 6.680526e-02 9.950692e-01 7.331037e-02 8.563983e-02 -1.900580e-02 -7.219209e-02 9.972096e-01 2.517543e-01
9.963839e-01 -8.354791e-02 1.545588e-02 4.597295e+01 8.220236e-02 9.939109e-01 7.337502e-02 1.801763e-01 -2.149210e-02 -7.183917e-02 9.971846e-01 2.350680e-01
9.952508e-01 -9.615951e-02 1.513756e-02 4.744671e+01 9.475457e-02 9.926210e-01 7.566492e-02 2.969644e-01 -2.230176e-02 -7.387122e-02 9.970184e-01 2.161244e-01
9.944836e-01 -1.037283e-01 1.558543e-02 4.885658e+01 1.022162e-01 9.917019e-01 7.796919e-02 4.400546e-01 -2.354371e-02 -7.594599e-02 9.968339e-01 1.903935e-01
9.939348e-01 -1.086807e-01 1.679557e-02 5.032347e+01 1.069682e-01 9.908995e-01 8.170724e-02 5.759078e-01 -2.552272e-02 -7.941508e-02 9.965148e-01 1.673876e-01
9.936664e-01 -1.110836e-01 1.695891e-02 5.173056e+01 1.092853e-01 9.904367e-01 8.421283e-02 7.352080e-01 -2.615139e-02 -8.182609e-02 9.963035e-01 1.366514e-01
9.935774e-01 -1.121955e-01 1.469870e-02 5.315251e+01 1.106173e-01 9.904238e-01 8.261019e-02 8.858966e-01 -2.382643e-02 -8.045369e-02 9.964735e-01 1.040529e-01
9.934288e-01 -1.137669e-01 1.250091e-02 5.458099e+01 1.123289e-01 9.901090e-01 8.406134e-02 1.034684e+00 -2.194066e-02 -8.210475e-02 9.963822e-01 7.417234e-02
9.933506e-01 -1.143353e-01 1.348939e-02 5.600471e+01 1.128329e-01 9.901201e-01 8.325169e-02 1.191960e+00 -2.287472e-02 -8.117608e-02 9.964372e-01 4.583212e-02
9.935070e-01 -1.127807e-01 1.497816e-02 5.743158e+01 1.111788e-01 9.903634e-01 8.258149e-02 1.343947e+00 -2.414742e-02 -8.038004e-02 9.964718e-01 1.352111e-02
9.939463e-01 -1.086941e-01 1.600928e-02 5.889476e+01 1.069750e-01 9.906670e-01 8.446985e-02 1.501159e+00 -2.504124e-02 -8.224590e-02 9.962974e-01 -2.207250e-02
9.947780e-01 -1.005168e-01 1.769495e-02 6.036813e+01 9.868804e-02 9.915343e-01 8.438191e-02 1.658277e+00 -2.602695e-02 -8.219498e-02 9.962764e-01 -6.376495e-02
9.956005e-01 -9.184954e-02 1.852605e-02 6.188127e+01 8.998647e-02 9.923808e-01 8.415915e-02 1.797532e+00 -2.611488e-02 -8.212181e-02 9.962801e-01 -1.019453e-01
9.963993e-01 -8.291800e-02 1.769211e-02 6.338947e+01 8.108374e-02 9.929082e-01 8.694118e-02 1.939486e+00 -2.477563e-02 -8.519359e-02 9.960563e-01 -1.437730e-01
9.970707e-01 -7.379156e-02 2.011805e-02 6.493967e+01 7.177903e-02 9.936136e-01 8.706236e-02 2.064742e+00 -2.641404e-02 -8.536328e-02 9.959997e-01 -1.877222e-01
9.976101e-01 -6.440148e-02 2.503243e-02 6.648936e+01 6.211735e-02 9.945900e-01 8.325920e-02 2.160576e+00 -3.025902e-02 -8.150526e-02 9.962135e-01 -2.220087e-01
9.981248e-01 -5.664242e-02 2.320497e-02 6.806684e+01 5.459758e-02 9.952272e-01 8.088227e-02 2.241488e+00 -2.767559e-02 -7.946367e-02 9.964535e-01 -2.637198e-01
9.985492e-01 -4.867421e-02 2.302915e-02 6.967629e+01 4.677464e-02 9.959441e-01 7.685980e-02 2.310945e+00 -2.667683e-02 -7.567111e-02 9.967759e-01 -3.091717e-01
9.988181e-01 -4.100521e-02 2.609628e-02 7.127622e+01 3.883836e-02 9.961395e-01 7.872569e-02 2.389719e+00 -2.922370e-02 -7.761910e-02 9.965547e-01 -3.439700e-01
9.990638e-01 -3.575346e-02 2.435475e-02 7.293137e+01 3.367210e-02 9.961382e-01 8.108551e-02 2.448220e+00 -2.715978e-02 -8.018953e-02 9.964095e-01 -3.894014e-01
9.992740e-01 -3.185793e-02 2.089262e-02 7.462543e+01 3.004206e-02 9.961697e-01 8.211790e-02 2.492609e+00 -2.342870e-02 -8.143062e-02 9.964036e-01 -4.362121e-01
9.993924e-01 -2.779049e-02 2.103548e-02 7.630089e+01 2.592816e-02 9.961157e-01 8.414991e-02 2.547834e+00 -2.329234e-02 -8.355337e-02 9.962310e-01 -4.736314e-01
9.994702e-01 -2.424259e-02 2.171654e-02 7.801295e+01 2.238560e-02 9.963797e-01 8.201495e-02 2.581429e+00 -2.362617e-02 -8.148537e-02 9.963945e-01 -5.136262e-01
9.995314e-01 -2.166620e-02 2.162250e-02 7.974564e+01 1.988256e-02 9.966328e-01 7.954670e-02 2.604292e+00 -2.327317e-02 -7.907951e-02 9.965966e-01 -5.484055e-01
9.996382e-01 -1.885000e-02 1.918948e-02 8.149244e+01 1.723167e-02 9.965436e-01 8.126422e-02 2.640791e+00 -2.065499e-02 -8.090414e-02 9.965078e-01 -5.893584e-01
9.996613e-01 -1.688726e-02 1.980185e-02 8.329636e+01 1.520123e-02 9.964829e-01 8.240561e-02 2.671131e+00 -2.112381e-02 -8.207668e-02 9.964021e-01 -6.248860e-01
9.996329e-01 -1.374400e-02 2.334740e-02 8.512254e+01 1.178887e-02 9.965702e-01 8.190734e-02 2.694654e+00 -2.439306e-02 -8.160203e-02 9.963664e-01 -6.616179e-01
9.997445e-01 -1.026191e-02 2.014050e-02 8.700692e+01 8.574689e-03 9.965839e-01 8.214072e-02 2.726158e+00 -2.091461e-02 -8.194703e-02 9.964172e-01 -7.114346e-01
9.998490e-01 -8.023516e-03 1.541482e-02 8.886491e+01 6.759901e-03 9.967441e-01 8.034553e-02 2.734613e+00 -1.600929e-02 -8.022919e-02 9.966479e-01 -7.512432e-01
9.998898e-01 -7.308713e-03 1.292028e-02 9.070882e+01 6.207733e-03 9.965060e-01 8.328979e-02 2.750821e+00 -1.348388e-02 -8.320041e-02 9.964416e-01 -7.756509e-01
9.998505e-01 -6.115068e-03 1.617537e-02 9.258772e+01 4.756768e-03 9.965617e-01 8.271746e-02 2.755311e+00 -1.662557e-02 -8.262815e-02 9.964418e-01 -7.943276e-01
9.998082e-01 -4.441419e-03 1.907406e-02 9.449560e+01 2.884310e-03 9.967181e-01 8.089971e-02 2.756071e+00 -1.937077e-02 -8.082918e-02 9.965397e-01 -8.263066e-01
9.999245e-01 -3.731514e-03 1.170724e-02 9.643736e+01 2.817434e-03 9.970159e-01 7.714525e-02 2.759755e+00 -1.196017e-02 -7.710644e-02 9.969511e-01 -8.672360e-01
9.999163e-01 -2.838085e-03 1.261935e-02 9.836888e+01 1.912799e-03 9.973492e-01 7.273932e-02 2.736114e+00 -1.279234e-02 -7.270909e-02 9.972711e-01 -8.794225e-01
9.998078e-01 -3.116975e-03 1.935601e-02 1.003377e+02 1.665926e-03 9.972170e-01 7.453472e-02 2.736121e+00 -1.953446e-02 -7.448815e-02 9.970306e-01 -8.907233e-01
9.996838e-01 -1.479407e-03 2.510166e-02 1.023406e+02 -3.342563e-04 9.973977e-01 7.209515e-02 2.740095e+00 -2.514299e-02 -7.208074e-02 9.970818e-01 -9.334149e-01
9.997829e-01 -4.326597e-04 2.083372e-02 1.043378e+02 -1.055440e-03 9.974498e-01 7.136353e-02 2.736627e+00 -2.081147e-02 -7.137002e-02 9.972328e-01 -9.848685e-01
9.998639e-01 -9.329436e-05 1.649975e-02 1.063777e+02 -1.081762e-03 9.974619e-01 7.119335e-02 2.734586e+00 -1.646452e-02 -7.120151e-02 9.973261e-01 -1.027543e+00
9.998381e-01 3.963014e-04 1.799088e-02 1.084790e+02 -1.690859e-03 9.974033e-01 7.199832e-02 2.714978e+00 -1.791563e-02 -7.201708e-02 9.972425e-01 -1.047291e+00
9.998101e-01 2.447029e-03 1.933247e-02 1.105891e+02 -3.798523e-03 9.975269e-01 7.018368e-02 2.687829e+00 -1.911292e-02 -7.024379e-02 9.973467e-01 -1.080433e+00
9.998538e-01 2.815152e-03 1.686704e-02 1.126526e+02 -3.972441e-03 9.976104e-01 6.897683e-02 2.670556e+00 -1.663255e-02 -6.903375e-02 9.974757e-01 -1.115146e+00
9.998827e-01 6.427783e-04 1.530083e-02 1.147083e+02 -1.707892e-03 9.975665e-01 6.970066e-02 2.675597e+00 -1.521879e-02 -6.971862e-02 9.974506e-01 -1.145664e+00
9.998610e-01 1.968487e-03 1.655780e-02 1.167527e+02 -3.151452e-03 9.974195e-01 7.172491e-02 2.645935e+00 -1.637388e-02 -7.176712e-02 9.972870e-01 -1.181568e+00
9.998727e-01 1.060935e-03 1.592235e-02 1.188370e+02 -2.236886e-03 9.972542e-01 7.402045e-02 2.641674e+00 -1.580010e-02 -7.404665e-02 9.971296e-01 -1.203314e+00
9.998768e-01 3.254411e-04 1.569278e-02 1.209171e+02 -1.463317e-03 9.973635e-01 7.255271e-02 2.628495e+00 -1.562779e-02 -7.256673e-02 9.972411e-01 -1.232509e+00
9.998394e-01 4.799899e-04 1.791505e-02 1.230249e+02 -1.753919e-03 9.974633e-01 7.116169e-02 2.621640e+00 -1.783545e-02 -7.118168e-02 9.973039e-01 -1.251710e+00
9.998446e-01 6.850715e-04 1.761639e-02 1.251000e+02 -1.890444e-03 9.976495e-01 6.849808e-02 2.610416e+00 -1.752806e-02 -6.852074e-02 9.974957e-01 -1.279353e+00
9.999092e-01 5.541850e-04 1.346193e-02 1.271735e+02 -1.475627e-03 9.976476e-01 6.853483e-02 2.595913e+00 -1.339229e-02 -6.854847e-02 9.975579e-01 -1.307754e+00
9.999344e-01 3.537853e-04 1.145004e-02 1.292533e+02 -1.140820e-03 9.976296e-01 6.880309e-02 2.596320e+00 -1.139856e-02 -6.881164e-02 9.975645e-01 -1.330276e+00
9.999483e-01 -6.523059e-04 1.014354e-02 1.313419e+02 -5.653239e-05 9.975663e-01 6.972396e-02 2.588221e+00 -1.016434e-02 -6.972093e-02 9.975148e-01 -1.348054e+00
9.999578e-01 -1.690735e-03 9.025887e-03 1.334524e+02 1.040696e-03 9.974369e-01 7.154412e-02 2.598256e+00 -9.123715e-03 -7.153171e-02 9.973966e-01 -1.366545e+00
9.999654e-01 -2.202837e-03 8.020480e-03 1.355517e+02 1.603073e-03 9.972546e-01 7.403193e-02 2.593605e+00 -8.161541e-03 -7.401651e-02 9.972236e-01 -1.380464e+00
9.999650e-01 -2.610394e-03 7.950881e-03 1.376530e+02 2.014188e-03 9.972494e-01 7.409198e-02 2.590919e+00 -8.122420e-03 -7.407337e-02 9.972197e-01 -1.383126e+00
9.998829e-01 -3.311182e-03 1.493841e-02 1.397726e+02 2.327612e-03 9.978574e-01 6.538502e-02 2.569200e+00 -1.512290e-02 -6.534260e-02 9.977483e-01 -1.405768e+00
9.999894e-01 -2.411093e-03 3.911754e-03 1.418699e+02 2.132712e-03 9.975677e-01 6.967183e-02 2.589025e+00 -4.070224e-03 -6.966275e-02 9.975623e-01 -1.427948e+00
9.999890e-01 -5.024229e-04 4.660467e-03 1.439686e+02 1.637029e-04 9.973759e-01 7.239691e-02 2.596543e+00 -4.684611e-03 -7.239535e-02 9.973650e-01 -1.420652e+00
9.999794e-01 -1.343236e-04 6.412068e-03 1.460819e+02 -3.307734e-04 9.973699e-01 7.247849e-02 2.585284e+00 -6.404939e-03 -7.247912e-02 9.973494e-01 -1.414221e+00
9.999990e-01 1.076192e-03 8.993223e-04 1.481492e+02 -1.138541e-03 9.973695e-01 7.247543e-02 2.584023e+00 -8.189592e-04 -7.247638e-02 9.973698e-01 -1.421684e+00
9.999994e-01 9.619341e-04 5.758978e-04 1.502227e+02 -1.002395e-03 9.971864e-01 7.495497e-02 2.574021e+00 -5.021757e-04 -7.495550e-02 9.971868e-01 -1.421850e+00
9.999912e-01 2.229381e-03 3.552169e-03 1.522627e+02 -2.490976e-03 9.971482e-01 7.542732e-02 2.576505e+00 -3.373882e-03 -7.543550e-02 9.971450e-01 -1.416007e+00
9.999904e-01 2.964520e-03 3.216875e-03 1.542952e+02 -3.201208e-03 9.970832e-01 7.625555e-02 2.563786e+00 -2.981431e-03 -7.626511e-02 9.970831e-01 -1.409705e+00
9.999917e-01 3.050122e-03 2.713642e-03 1.563501e+02 -3.248517e-03 9.970727e-01 7.639067e-02 2.554311e+00 -2.472697e-03 -7.639885e-02 9.970743e-01 -1.406545e+00
9.999844e-01 2.842878e-03 4.810988e-03 1.583506e+02 -3.198445e-03 9.971338e-01 7.559053e-02 2.547675e+00 -4.582304e-03 -7.560474e-02 9.971273e-01 -1.405647e+00
9.999849e-01 1.061385e-03 5.396562e-03 1.603465e+02 -1.457662e-03 9.972597e-01 7.396632e-02 2.536005e+00 -5.303267e-03 -7.397307e-02 9.972461e-01 -1.395514e+00
9.999710e-01 -2.437076e-03 7.220049e-03 1.623239e+02 1.907612e-03 9.973700e-01 7.245238e-02 2.523419e+00 -7.377632e-03 -7.243651e-02 9.973457e-01 -1.395745e+00
9.999441e-01 -5.703444e-03 8.899309e-03 1.642606e+02 5.044788e-03 9.973661e-01 7.235567e-02 2.521155e+00 -9.288546e-03 -7.230673e-02 9.973392e-01 -1.386234e+00
9.999165e-01 -9.358580e-03 8.906399e-03 1.661298e+02 8.715749e-03 9.975324e-01 6.966506e-02 2.520877e+00 -9.536387e-03 -6.958162e-02 9.975307e-01 -1.380521e+00
9.998826e-01 -1.326616e-02 7.663436e-03 1.679079e+02 1.270974e-02 9.975643e-01 6.858579e-02 2.521047e+00 -8.554640e-03 -6.848034e-02 9.976158e-01 -1.377591e+00
9.998891e-01 -1.478859e-02 1.780892e-03 1.696231e+02 1.463446e-02 9.976065e-01 6.757972e-02 2.533602e+00 -2.776038e-03 -6.754616e-02 9.977123e-01 -1.369373e+00
9.994645e-01 -1.612344e-02 -2.847407e-02 1.711578e+02 1.797072e-02 9.976671e-01 6.585879e-02 2.559544e+00 2.734577e-02 -6.633522e-02 9.974226e-01 -1.376066e+00
9.995958e-01 -1.743051e-02 -2.245977e-02 1.727258e+02 1.888234e-02 9.976317e-01 6.613981e-02 2.519853e+00 2.125373e-02 -6.653717e-02 9.975576e-01 -1.334584e+00
9.985963e-01 -1.734661e-02 5.004579e-02 1.743365e+02 1.368989e-02 9.972740e-01 7.250659e-02 2.557347e+00 -5.116711e-02 -7.171969e-02 9.961115e-01 -1.266095e+00
9.994547e-01 -1.677246e-02 2.844387e-02 1.758337e+02 1.492855e-02 9.978482e-01 6.384375e-02 2.637533e+00 -2.945349e-02 -6.338430e-02 9.975545e-01 -1.313767e+00
9.995439e-01 -1.331949e-02 -2.710322e-02 1.772753e+02 1.496694e-02 9.979937e-01 6.151834e-02 2.609953e+00 2.622945e-02 -6.189593e-02 9.977379e-01 -1.391767e+00
9.999300e-01 -1.182717e-02 3.694764e-04 1.787562e+02 1.178086e-02 9.979697e-01 6.259179e-02 2.612195e+00 -1.109010e-03 -6.258305e-02 9.980391e-01 -1.363408e+00
9.999354e-01 -9.937981e-03 5.511136e-03 1.802963e+02 9.557138e-03 9.978208e-01 6.528653e-02 2.637491e+00 -6.147942e-03 -6.522964e-02 9.978513e-01 -1.325073e+00
9.999470e-01 -7.901775e-03 -6.592627e-03 1.817656e+02 8.301466e-03 9.979802e-01 6.298125e-02 2.651602e+00 6.081647e-03 -6.303264e-02 9.979929e-01 -1.333636e+00
9.999370e-01 -5.218634e-03 -9.939176e-03 1.832697e+02 5.868194e-03 9.977700e-01 6.648720e-02 2.630338e+00 9.570040e-03 -6.654133e-02 9.977378e-01 -1.320080e+00
9.999709e-01 -3.640440e-03 -6.701848e-03 1.847426e+02 4.079796e-03 9.977610e-01 6.675595e-02 2.651162e+00 6.443822e-03 -6.678136e-02 9.977468e-01 -1.306382e+00
9.999602e-01 -2.144054e-03 -8.655033e-03 1.862536e+02 2.705392e-03 9.978571e-01 6.537517e-02 2.649740e+00 8.496318e-03 -6.539598e-02 9.978232e-01 -1.291973e+00
9.999602e-01 -9.385336e-04 -8.870117e-03 1.877505e+02 1.506554e-03 9.979327e-01 6.424952e-02 2.638590e+00 8.791480e-03 -6.426033e-02 9.978944e-01 -1.275152e+00
9.999750e-01 -4.489795e-03 -5.456778e-03 1.892172e+02 4.825195e-03 9.979961e-01 6.309156e-02 2.636126e+00 5.162575e-03 -6.311631e-02 9.979928e-01 -1.261061e+00
9.998914e-01 -1.272315e-02 -7.440433e-03 1.907109e+02 1.315639e-02 9.980259e-01 6.141071e-02 2.630557e+00 6.644406e-03 -6.150193e-02 9.980848e-01 -1.238582e+00
9.997097e-01 -2.328614e-02 -6.193712e-03 1.921691e+02 2.362006e-02 9.978694e-01 6.081728e-02 2.644709e+00 4.764316e-03 -6.094592e-02 9.981297e-01 -1.218743e+00
9.992929e-01 -3.717485e-02 -5.637998e-03 1.936201e+02 3.744605e-02 9.975038e-01 5.986593e-02 2.687999e+00 3.398418e-03 -6.003471e-02 9.981905e-01 -1.208834e+00
9.985113e-01 -5.434096e-02 -4.712207e-03 1.950661e+02 5.452638e-02 9.966910e-01 6.028167e-02 2.728328e+00 1.420851e-03 -6.044887e-02 9.981703e-01 -1.192385e+00
9.972650e-01 -7.381022e-02 -3.827096e-03 1.964576e+02 7.390661e-02 9.954418e-01 6.027820e-02 2.810848e+00 -6.394962e-04 -6.039618e-02 9.981743e-01 -1.186692e+00
9.950911e-01 -9.881341e-02 -5.449168e-03 1.978068e+02 9.896199e-02 9.932574e-01 6.038400e-02 2.904143e+00 -5.543221e-04 -6.062684e-02 9.981603e-01 -1.178641e+00
9.914234e-01 -1.305431e-01 -6.169137e-03 1.991249e+02 1.306755e-01 9.895450e-01 6.102901e-02 3.040209e+00 -1.862276e-03 -6.131174e-02 9.981169e-01 -1.165893e+00
9.857341e-01 -1.682445e-01 -4.709984e-03 2.003756e+02 1.682080e-01 9.837727e-01 6.242925e-02 3.204912e+00 -5.869821e-03 -6.233089e-02 9.980383e-01 -1.165008e+00
9.771231e-01 -2.126455e-01 -3.509967e-03 2.015735e+02 2.123976e-01 9.748760e-01 6.711242e-02 3.444603e+00 -1.084937e-02 -6.632260e-02 9.977392e-01 -1.160123e+00
9.648516e-01 -2.627527e-01 -4.726826e-03 2.027752e+02 2.624927e-01 9.627222e-01 6.529609e-02 3.762760e+00 -1.260611e-02 -6.424179e-02 9.978547e-01 -1.158265e+00
9.491760e-01 -3.146684e-01 -6.981315e-03 2.038933e+02 3.143093e-01 9.464585e-01 7.366145e-02 4.106011e+00 -1.657141e-02 -7.211197e-02 9.972589e-01 -1.179045e+00
9.301199e-01 -3.671457e-01 -9.002412e-03 2.050452e+02 3.666831e-01 9.270209e-01 7.858604e-02 4.559046e+00 -2.050710e-02 -7.639547e-02 9.968667e-01 -1.198323e+00
9.082768e-01 -4.183270e-01 -5.979484e-03 2.060784e+02 4.172916e-01 9.048183e-01 8.468552e-02 4.960181e+00 -3.001589e-02 -7.941308e-02 9.963898e-01 -1.214701e+00
8.813488e-01 -4.724145e-01 -6.990903e-03 2.071044e+02 4.710659e-01 8.775021e-01 8.992761e-02 5.480672e+00 -3.634857e-02 -8.255077e-02 9.959238e-01 -1.239435e+00
8.502815e-01 -5.262940e-01 -5.997115e-03 2.080619e+02 5.241590e-01 8.456888e-01 1.003382e-01 6.004287e+00 -4.773569e-02 -8.845915e-02 9.949353e-01 -1.287234e+00
8.143903e-01 -5.802463e-01 -9.096438e-03 2.090114e+02 5.778363e-01 8.093605e-01 1.050751e-01 6.630114e+00 -5.360715e-02 -9.082841e-02 9.944227e-01 -1.310615e+00
7.746536e-01 -6.323421e-01 -7.439691e-03 2.099218e+02 6.299774e-01 7.706241e-01 9.626481e-02 7.273435e+00 -5.513909e-02 -7.925872e-02 9.953280e-01 -1.369700e+00
7.313495e-01 -6.817466e-01 -1.869405e-02 2.107774e+02 6.798115e-01 7.265301e-01 1.000518e-01 7.987504e+00 -5.462820e-02 -8.588129e-02 9.948066e-01 -1.432923e+00
6.858099e-01 -7.274870e-01 -2.067433e-02 2.115775e+02 7.256012e-01 6.812834e-01 9.672516e-02 8.786004e+00 -5.628122e-02 -8.133640e-02 9.950964e-01 -1.492706e+00
6.376104e-01 -7.703050e-01 -9.116202e-03 2.123722e+02 7.682406e-01 6.349356e-01 8.162774e-02 9.588246e+00 -5.709006e-02 -5.905014e-02 9.966212e-01 -1.569529e+00
5.900293e-01 -8.071551e-01 -1.913486e-02 2.130793e+02 8.055088e-01 5.868817e-01 8.200923e-02 1.045770e+01 -5.496427e-02 -6.380115e-02 9.964479e-01 -1.616194e+00
5.418829e-01 -8.400650e-01 -2.556882e-02 2.137181e+02 8.392755e-01 5.392621e-01 6.937532e-02 1.140569e+01 -4.449148e-02 -5.905258e-02 9.972629e-01 -1.689503e+00
4.916989e-01 -8.705627e-01 -1.878131e-02 2.143565e+02 8.695609e-01 4.897706e-01 6.315539e-02 1.237101e+01 -4.578220e-02 -4.738493e-02 9.978270e-01 -1.775615e+00
4.409231e-01 -8.974248e-01 -1.468326e-02 2.149304e+02 8.958610e-01 4.390353e-01 6.841844e-02 1.338769e+01 -5.495393e-02 -4.332143e-02 9.975487e-01 -1.824943e+00
3.894930e-01 -9.210020e-01 -7.107897e-03 2.154369e+02 9.190279e-01 3.881264e-01 6.888860e-02 1.445846e+01 -6.068778e-02 -3.336398e-02 9.975990e-01 -1.876242e+00
3.377052e-01 -9.412518e-01 3.969555e-04 2.158946e+02 9.391260e-01 3.369708e-01 6.702967e-02 1.556197e+01 -6.322556e-02 -2.226348e-02 9.977509e-01 -1.955848e+00
2.870586e-01 -9.578525e-01 1.076725e-02 2.163003e+02 9.556140e-01 2.871299e-01 6.601692e-02 1.672371e+01 -6.632607e-02 -8.661387e-03 9.977604e-01 -2.026960e+00
2.378885e-01 -9.711797e-01 1.480268e-02 2.166514e+02 9.691534e-01 2.383479e-01 6.270491e-02 1.788298e+01 -6.442592e-02 -5.707112e-04 9.979223e-01 -2.104709e+00
1.916120e-01 -9.813639e-01 1.448241e-02 2.169213e+02 9.793034e-01 1.921481e-01 6.359239e-02 1.910630e+01 -6.519005e-02 1.997614e-03 9.978709e-01 -2.202279e+00
1.498442e-01 -9.885203e-01 1.934976e-02 2.171647e+02 9.860447e-01 1.508476e-01 7.043305e-02 2.037184e+01 -7.254337e-02 8.525751e-03 9.973288e-01 -2.277707e+00
1.191844e-01 -9.928252e-01 9.657587e-03 2.173323e+02 9.901648e-01 1.195716e-01 7.263832e-02 2.164846e+01 -7.327193e-02 9.052466e-04 9.973116e-01 -2.354364e+00
9.791789e-02 -9.951773e-01 5.856363e-03 2.174710e+02 9.929551e-01 9.809041e-02 6.647153e-02 2.294035e+01 -6.672541e-02 -6.936467e-04 9.977711e-01 -2.443763e+00
8.271668e-02 -9.965616e-01 4.791985e-03 2.176099e+02 9.942881e-01 8.285150e-02 6.728092e-02 2.428774e+01 -6.744660e-02 -8.006405e-04 9.977226e-01 -2.538890e+00
7.536145e-02 -9.971562e-01 -3.263325e-04 2.176938e+02 9.945939e-01 7.514434e-02 7.166852e-02 2.562049e+01 -7.144019e-02 -5.725612e-03 9.974285e-01 -2.623558e+00
6.500533e-02 -9.978841e-01 1.267011e-03 2.178072e+02 9.956313e-01 6.494375e-02 6.708596e-02 2.697891e+01 -6.702630e-02 -3.099469e-03 9.977464e-01 -2.714501e+00
5.758049e-02 -9.983404e-01 9.959539e-04 2.178935e+02 9.960581e-01 5.751623e-02 6.752848e-02 2.829638e+01 -6.747369e-02 -2.896295e-03 9.977169e-01 -2.804774e+00
4.815333e-02 -9.988372e-01 2.350035e-03 2.179742e+02 9.966220e-01 4.820298e-02 6.649170e-02 2.965954e+01 -6.652766e-02 -8.597007e-04 9.977842e-01 -2.894771e+00
3.823664e-02 -9.992575e-01 4.740185e-03 2.180428e+02 9.969632e-01 3.847004e-02 6.770889e-02 3.099345e+01 -6.784097e-02 2.136829e-03 9.976939e-01 -2.986649e+00
2.478543e-02 -9.996794e-01 5.165484e-03 2.181089e+02 9.973506e-01 2.508052e-02 6.828442e-02 3.235480e+01 -6.839209e-02 3.459340e-03 9.976525e-01 -3.072706e+00
7.043104e-03 -9.999355e-01 8.913477e-03 2.181395e+02 9.976734e-01 7.631059e-03 6.774560e-02 3.366463e+01 -6.780925e-02 8.415600e-03 9.976628e-01 -3.156431e+00
-1.823338e-02 -9.997768e-01 1.067207e-02 2.181645e+02 9.974385e-01 -1.745027e-02 6.936777e-02 3.500206e+01 -6.916606e-02 1.190954e-02 9.975341e-01 -3.246626e+00
-5.317658e-02 -9.985228e-01 1.115284e-02 2.181432e+02 9.960217e-01 -5.223702e-02 7.219422e-02 3.631346e+01 -7.150499e-02 1.494751e-02 9.973282e-01 -3.328578e+00
-9.314777e-02 -9.955765e-01 1.228168e-02 2.180761e+02 9.931809e-01 -9.204090e-02 7.155569e-02 3.759616e+01 -7.010875e-02 1.886319e-02 9.973610e-01 -3.413432e+00
-1.398976e-01 -9.901185e-01 9.700788e-03 2.179603e+02 9.878850e-01 -1.389040e-01 6.920188e-02 3.888204e+01 -6.717058e-02 1.926444e-02 9.975555e-01 -3.496574e+00
-1.923545e-01 -9.813030e-01 6.644712e-03 2.177485e+02 9.789113e-01 -1.914022e-01 7.139961e-02 4.013891e+01 -6.879284e-02 2.023862e-02 9.974257e-01 -3.580986e+00
-2.482517e-01 -9.686949e-01 -1.140624e-03 2.174793e+02 9.660354e-01 -2.476570e-01 7.376768e-02 4.134787e+01 -7.174086e-02 1.721107e-02 9.972748e-01 -3.645727e+00
-3.079312e-01 -9.512931e-01 -1.482737e-02 2.171338e+02 9.486585e-01 -3.081879e-01 7.118440e-02 4.252108e+01 -7.228685e-02 7.853786e-03 9.973530e-01 -3.723109e+00
-3.679579e-01 -9.295300e-01 -2.410461e-02 2.167262e+02 9.267084e-01 -3.687211e-01 7.250063e-02 4.366305e+01 -7.627939e-02 4.339236e-03 9.970770e-01 -3.804809e+00
-4.280919e-01 -9.033219e-01 -2.732963e-02 2.162694e+02 9.001806e-01 -4.288926e-01 7.567038e-02 4.474798e+01 -8.007619e-02 7.792274e-03 9.967583e-01 -3.895238e+00
-4.912922e-01 -8.708566e-01 -1.551669e-02 2.157440e+02 8.677162e-01 -4.909095e-01 7.795183e-02 4.579650e+01 -7.550216e-02 2.483304e-02 9.968364e-01 -3.983607e+00
-5.551119e-01 -8.314892e-01 -2.182938e-02 2.151454e+02 8.287458e-01 -5.551374e-01 7.073060e-02 4.674451e+01 -7.093003e-02 2.117239e-02 9.972566e-01 -4.047604e+00
-6.219634e-01 -7.828009e-01 -1.960253e-02 2.144731e+02 7.801323e-01 -6.216124e-01 7.065093e-02 4.773933e+01 -6.749079e-02 2.864973e-02 9.973085e-01 -4.151472e+00
-6.850494e-01 -7.283821e-01 -1.291654e-02 2.137717e+02 7.252773e-01 -6.835799e-01 8.180120e-02 4.859884e+01 -6.841202e-02 4.666979e-02 9.965650e-01 -4.210711e+00
-7.441010e-01 -6.675146e-01 -2.716577e-02 2.129835e+02 6.645061e-01 -7.437154e-01 7.293238e-02 4.937252e+01 -6.888703e-02 3.621724e-02 9.969668e-01 -4.272697e+00
-7.983787e-01 -6.018599e-01 -1.887224e-02 2.121384e+02 5.991810e-01 -7.971557e-01 7.432994e-02 5.008478e+01 -5.978032e-02 4.803555e-02 9.970551e-01 -4.353808e+00
-8.454102e-01 -5.339382e-01 -1.384293e-02 2.112608e+02 5.313030e-01 -8.433299e-01 8.069604e-02 5.071822e+01 -5.476086e-02 6.086646e-02 9.966426e-01 -4.406406e+00
-8.859005e-01 -4.636577e-01 -1.420595e-02 2.103504e+02 4.619691e-01 -8.846198e-01 6.350081e-02 5.121597e+01 -4.200950e-02 4.969269e-02 9.978807e-01 -4.461966e+00
-9.198796e-01 -3.921361e-01 -7.133868e-03 2.093823e+02 3.908494e-01 -9.180667e-01 6.625985e-02 5.171885e+01 -3.253224e-02 5.816282e-02 9.977769e-01 -4.513906e+00
-9.448776e-01 -3.271573e-01 -1.320524e-02 2.083919e+02 3.254431e-01 -9.428273e-01 7.185772e-02 5.213722e+01 -3.595904e-02 6.359920e-02 9.973275e-01 -4.528552e+00
-9.622077e-01 -2.719920e-01 -1.329395e-02 2.073786e+02 2.706449e-01 -9.605616e-01 6.381807e-02 5.241027e+01 -3.012766e-02 5.780829e-02 9.978730e-01 -4.554446e+00
-9.747916e-01 -2.231129e-01 -1.429594e-03 2.063692e+02 2.224028e-01 -9.721615e-01 7.374940e-02 5.270035e+01 -1.784424e-02 7.157235e-02 9.972758e-01 -4.593899e+00
-9.833092e-01 -1.819210e-01 -2.771671e-03 2.053311e+02 1.813374e-01 -9.811686e-01 6.652029e-02 5.293124e+01 -1.482091e-02 6.490741e-02 9.977812e-01 -4.611183e+00
-9.892792e-01 -1.460133e-01 -2.609686e-03 2.042635e+02 1.455046e-01 -9.870420e-01 6.764953e-02 5.308963e+01 -1.245360e-02 6.654455e-02 9.977057e-01 -4.614950e+00
-9.929324e-01 -1.186713e-01 1.560849e-03 2.032195e+02 1.184309e-01 -9.898948e-01 7.798919e-02 5.325552e+01 -7.710005e-03 7.762284e-02 9.969530e-01 -4.629839e+00
-9.954447e-01 -9.532663e-02 -1.627419e-03 2.021283e+02 9.502227e-02 -9.933709e-01 6.469200e-02 5.336162e+01 -7.783501e-03 6.424267e-02 9.979040e-01 -4.641393e+00
-9.969512e-01 -7.720073e-02 -1.132960e-02 2.009998e+02 7.647145e-02 -9.955677e-01 5.474559e-02 5.344150e+01 -1.550579e-02 5.371229e-02 9.984361e-01 -4.625435e+00
-9.977742e-01 -6.318324e-02 -2.132027e-02 1.998994e+02 6.149049e-02 -9.954774e-01 7.241306e-02 5.354723e+01 -2.579914e-02 7.094089e-02 9.971468e-01 -4.627903e+00
-9.983336e-01 -5.503279e-02 -1.735850e-02 1.988216e+02 5.393293e-02 -9.968301e-01 5.848908e-02 5.359325e+01 -2.052229e-02 5.745542e-02 9.981371e-01 -4.665999e+00
-9.987023e-01 -4.993428e-02 -1.001520e-02 1.977487e+02 4.939946e-02 -9.976266e-01 4.796827e-02 5.362933e+01 -1.238669e-02 4.741128e-02 9.987986e-01 -4.665056e+00
-9.987243e-01 -5.026754e-02 -4.792038e-03 1.966914e+02 4.989323e-02 -9.969725e-01 5.963600e-02 5.370000e+01 -7.775286e-03 5.932083e-02 9.982087e-01 -4.685505e+00
-9.985289e-01 -5.324847e-02 -1.023272e-02 1.956349e+02 5.254467e-02 -9.968256e-01 5.981472e-02 5.376658e+01 -1.338528e-02 5.918905e-02 9.981570e-01 -4.703206e+00
-9.980382e-01 -6.096165e-02 -1.426382e-02 1.945952e+02 6.019770e-02 -9.969853e-01 4.895387e-02 5.381646e+01 -1.720513e-02 4.799918e-02 9.986992e-01 -4.719346e+00
-9.973889e-01 -7.016814e-02 -1.708498e-02 1.935677e+02 6.908018e-02 -9.959473e-01 5.759260e-02 5.388499e+01 -2.105690e-02 5.626198e-02 9.981940e-01 -4.691316e+00
-9.964435e-01 -8.341452e-02 -1.193148e-02 1.925507e+02 8.249898e-02 -9.945734e-01 6.338546e-02 5.398046e+01 -1.715400e-02 6.217570e-02 9.979178e-01 -4.734712e+00
-9.947754e-01 -1.013702e-01 -1.207858e-02 1.915407e+02 1.006718e-01 -9.937264e-01 4.871455e-02 5.404698e+01 -1.694101e-02 4.724407e-02 9.987397e-01 -4.761352e+00
-9.886255e-01 -1.501173e-01 -9.192387e-03 1.895932e+02 1.492978e-01 -9.869364e-01 6.055323e-02 5.431807e+01 -1.816239e-02 5.849206e-02 9.981226e-01 -4.772776e+00
-9.783932e-01 -2.066396e-01 -6.842868e-03 1.877407e+02 2.061798e-01 -9.776094e-01 4.206848e-02 5.464006e+01 -1.538267e-02 3.974866e-02 9.990913e-01 -4.828283e+00
-9.615559e-01 -2.740133e-01 -1.808078e-02 1.859362e+02 2.729981e-01 -9.609621e-01 4.498761e-02 5.505971e+01 -2.970214e-02 3.832209e-02 9.988239e-01 -4.850091e+00
-9.351034e-01 -3.538517e-01 -1.925277e-02 1.842099e+02 3.528466e-01 -9.347356e-01 4.205495e-02 5.560460e+01 -3.287746e-02 3.253245e-02 9.989298e-01 -4.899557e+00
-8.956318e-01 -4.436584e-01 -3.179334e-02 1.825762e+02 4.418923e-01 -8.956631e-01 5.018893e-02 5.630853e+01 -5.074286e-02 3.090157e-02 9.982336e-01 -4.943669e+00
-8.361028e-01 -5.478338e-01 -2.846578e-02 1.810802e+02 5.461620e-01 -8.361664e-01 5.032699e-02 5.712351e+01 -5.137295e-02 2.653161e-02 9.983270e-01 -5.009548e+00
-7.459445e-01 -6.656454e-01 -2.197810e-02 1.797331e+02 6.639278e-01 -7.458157e-01 5.439557e-02 5.807922e+01 -5.259977e-02 2.598420e-02 9.982776e-01 -5.089116e+00
-6.257623e-01 -7.796091e-01 -2.512308e-02 1.786164e+02 7.774273e-01 -6.259845e-01 6.123814e-02 5.923703e+01 -6.346847e-02 1.878915e-02 9.978070e-01 -5.159538e+00
-4.915791e-01 -8.705492e-01 -2.222842e-02 1.777313e+02 8.685353e-01 -4.919754e-01 6.005564e-02 6.049160e+01 -6.321722e-02 1.021594e-02 9.979475e-01 -5.284901e+00
-3.515405e-01 -9.360173e-01 -1.705523e-02 1.770710e+02 9.337107e-01 -3.518782e-01 6.607666e-02 6.193125e+01 -6.785026e-02 7.303976e-03 9.976688e-01 -5.379931e+00
-2.250617e-01 -9.742072e-01 -1.635516e-02 1.765764e+02 9.720193e-01 -2.256520e-01 6.526612e-02 6.350047e+01 -6.727330e-02 -1.208625e-03 9.977339e-01 -5.483822e+00
-1.231046e-01 -9.922830e-01 -1.482542e-02 1.762850e+02 9.898502e-01 -1.238442e-01 6.970788e-02 6.523966e+01 -7.100599e-02 -6.093590e-03 9.974573e-01 -5.610162e+00
-5.601195e-02 -9.983697e-01 -1.098135e-02 1.761050e+02 9.961558e-01 -5.662292e-02 6.683893e-02 6.722955e+01 -6.735175e-02 -7.195354e-03 9.977033e-01 -5.751720e+00
-3.776905e-02 -9.990768e-01 -2.047208e-02 1.760509e+02 9.973484e-01 -3.896321e-02 6.146615e-02 6.828750e+01 -6.220706e-02 -1.809628e-02 9.978992e-01 -5.835047e+00
-3.016784e-02 -9.992798e-01 -2.301629e-02 1.760376e+02 9.972511e-01 -3.164971e-02 6.699634e-02 6.930787e+01 -6.767655e-02 -2.093188e-02 9.974877e-01 -5.901332e+00
-2.528847e-02 -9.995048e-01 -1.872308e-02 1.760213e+02 9.969598e-01 -2.659600e-02 7.323796e-02 7.038469e+01 -7.369966e-02 -1.681408e-02 9.971387e-01 -5.964615e+00
-2.262012e-02 -9.994744e-01 -2.322023e-02 1.759820e+02 9.973057e-01 -2.418008e-02 6.925813e-02 7.151743e+01 -6.978319e-02 -2.159104e-02 9.973285e-01 -6.047206e+00
-2.616832e-02 -9.993055e-01 -2.652986e-02 1.759729e+02 9.973463e-01 -2.790225e-02 6.724500e-02 7.261842e+01 -6.793854e-02 -2.469977e-02 9.973837e-01 -6.132878e+00
-3.005856e-02 -9.992971e-01 -2.240273e-02 1.759477e+02 9.971509e-01 -3.153027e-02 6.852657e-02 7.373397e+01 -6.918477e-02 -2.027909e-02 9.973977e-01 -6.205997e+00
-3.252656e-02 -9.991518e-01 -2.525333e-02 1.759049e+02 9.972815e-01 -3.411642e-02 6.531196e-02 7.489687e+01 -6.611811e-02 -2.306031e-02 9.975453e-01 -6.282188e+00
-3.712144e-02 -9.989945e-01 -2.513809e-02 1.758733e+02 9.973409e-01 -3.861524e-02 6.180616e-02 7.605573e+01 -6.271473e-02 -2.277691e-02 9.977716e-01 -6.372376e+00
-4.242253e-02 -9.988020e-01 -2.438864e-02 1.758323e+02 9.969867e-01 -4.390698e-02 6.395138e-02 7.722062e+01 -6.494560e-02 -2.160217e-02 9.976550e-01 -6.440870e+00
-4.840216e-02 -9.985676e-01 -2.280256e-02 1.757870e+02 9.965820e-01 -4.981081e-02 6.590251e-02 7.842632e+01 -6.694393e-02 -1.953480e-02 9.975655e-01 -6.514365e+00
-5.498192e-02 -9.981523e-01 -2.586363e-02 1.757287e+02 9.961579e-01 -5.660356e-02 6.682353e-02 7.964108e+01 -6.816403e-02 -2.209017e-02 9.974295e-01 -6.596548e+00
-6.385896e-02 -9.975730e-01 -2.775040e-02 1.756561e+02 9.957037e-01 -6.555839e-02 6.539290e-02 8.087825e+01 -6.705347e-02 -2.345525e-02 9.974737e-01 -6.680465e+00
-7.294997e-02 -9.969001e-01 -2.946862e-02 1.755706e+02 9.953596e-01 -7.463271e-02 6.073942e-02 8.213660e+01 -6.275046e-02 -2.490094e-02 9.977186e-01 -6.766020e+00
-8.260541e-02 -9.960775e-01 -3.171718e-02 1.754746e+02 9.947609e-01 -8.433597e-02 5.777710e-02 8.339552e+01 -6.022537e-02 -2.677831e-02 9.978255e-01 -6.846034e+00
-9.137904e-02 -9.951857e-01 -3.543002e-02 1.753671e+02 9.937298e-01 -9.343174e-02 6.141263e-02 8.466949e+01 -6.442726e-02 -2.959604e-02 9.974834e-01 -6.922375e+00
-1.000823e-01 -9.943531e-01 -3.529214e-02 1.752511e+02 9.926714e-01 -1.022018e-01 6.448506e-02 8.596960e+01 -6.772784e-02 -2.857968e-02 9.972944e-01 -7.002562e+00
-1.072228e-01 -9.936571e-01 -3.389363e-02 1.751183e+02 9.920500e-01 -1.091839e-01 6.257522e-02 8.728678e+01 -6.587895e-02 -2.691469e-02 9.974646e-01 -7.072793e+00
-1.140254e-01 -9.930391e-01 -2.952322e-02 1.749706e+02 9.912087e-01 -1.157220e-01 6.413764e-02 8.859817e+01 -6.710767e-02 -2.195035e-02 9.975043e-01 -7.163858e+00
-1.171394e-01 -9.927682e-01 -2.626177e-02 1.748296e+02 9.911088e-01 -1.185420e-01 6.042402e-02 8.992255e+01 -6.310017e-02 -1.895024e-02 9.978273e-01 -7.246068e+00
-1.202613e-01 -9.921049e-01 -3.556868e-02 1.746568e+02 9.908094e-01 -1.221848e-01 5.803043e-02 9.129509e+01 -6.191822e-02 -2.826297e-02 9.976810e-01 -7.337775e+00
-1.218892e-01 -9.920808e-01 -3.031131e-02 1.744983e+02 9.904092e-01 -1.235721e-01 6.180286e-02 9.267997e+01 -6.505906e-02 -2.248750e-02 9.976280e-01 -7.407404e+00
-1.219995e-01 -9.920315e-01 -3.145875e-02 1.743402e+02 9.903476e-01 -1.237709e-01 6.238927e-02 9.400890e+01 -6.578579e-02 -2.354364e-02 9.975560e-01 -7.506605e+00
-1.246541e-01 -9.917432e-01 -3.011320e-02 1.741585e+02 9.900948e-01 -1.263084e-01 6.130575e-02 9.532856e+01 -6.460311e-02 -2.217292e-02 9.976647e-01 -7.585411e+00
-1.253597e-01 -9.918239e-01 -2.388197e-02 1.740019e+02 9.899772e-01 -1.266318e-01 6.252617e-02 9.668996e+01 -6.503916e-02 -1.580434e-02 9.977576e-01 -7.669691e+00
-1.270248e-01 -9.915656e-01 -2.573426e-02 1.738322e+02 9.900053e-01 -1.283422e-01 5.846180e-02 9.800365e+01 -6.127150e-02 -1.805095e-02 9.979579e-01 -7.758759e+00
-1.274363e-01 -9.914457e-01 -2.820369e-02 1.736681e+02 9.900995e-01 -1.288475e-01 5.568994e-02 9.933566e+01 -5.884753e-02 -2.082754e-02 9.980497e-01 -7.838496e+00
-1.279317e-01 -9.912902e-01 -3.125965e-02 1.735013e+02 9.900476e-01 -1.295081e-01 5.507644e-02 1.006167e+02 -5.864512e-02 -2.390252e-02 9.979927e-01 -7.900340e+00
-1.272942e-01 -9.914398e-01 -2.903956e-02 1.733412e+02 9.900120e-01 -1.287907e-01 5.735159e-02 1.019002e+02 -6.060067e-02 -2.144899e-02 9.979316e-01 -7.984580e+00
-1.237191e-01 -9.917710e-01 -3.292075e-02 1.731754e+02 9.901086e-01 -1.255880e-01 6.255113e-02 1.032038e+02 -6.617086e-02 -2.485635e-02 9.974987e-01 -8.058897e+00
-1.204559e-01 -9.923473e-01 -2.715007e-02 1.730245e+02 9.900747e-01 -1.220849e-01 6.962345e-02 1.044847e+02 -7.240526e-02 -1.849404e-02 9.972038e-01 -8.115868e+00
-1.160740e-01 -9.929043e-01 -2.584199e-02 1.728807e+02 9.915781e-01 -1.173452e-01 5.480001e-02 1.057769e+02 -5.744360e-02 -1.926350e-02 9.981629e-01 -8.210884e+00
-1.086905e-01 -9.937562e-01 -2.519819e-02 1.727549e+02 9.925427e-01 -1.098952e-01 5.274507e-02 1.070452e+02 -5.518490e-02 -1.927739e-02 9.982900e-01 -8.300915e+00
-1.010371e-01 -9.945382e-01 -2.617739e-02 1.726167e+02 9.922596e-01 -1.026452e-01 6.989119e-02 1.083083e+02 -7.219645e-02 -1.891316e-02 9.972111e-01 -8.350786e+00
-9.302677e-02 -9.953400e-01 -2.538171e-02 1.725001e+02 9.935354e-01 -9.446363e-02 6.296020e-02 1.095572e+02 -6.506446e-02 -1.936064e-02 9.976932e-01 -8.411400e+00
-8.372801e-02 -9.962303e-01 -2.268945e-02 1.724037e+02 9.949949e-01 -8.482707e-02 5.281592e-02 1.108044e+02 -5.454150e-02 -1.815371e-02 9.983465e-01 -8.511250e+00
-7.399503e-02 -9.969541e-01 -2.464110e-02 1.723118e+02 9.957622e-01 -7.521454e-02 5.291983e-02 1.120663e+02 -5.461201e-02 -2.062087e-02 9.982947e-01 -8.572411e+00
-6.172707e-02 -9.978100e-01 -2.376900e-02 1.722363e+02 9.967049e-01 -6.287931e-02 5.124082e-02 1.133149e+02 -5.262318e-02 -2.052773e-02 9.984034e-01 -8.623368e+00
-4.802383e-02 -9.985998e-01 -2.218337e-02 1.721848e+02 9.974450e-01 -4.912058e-02 5.187102e-02 1.145651e+02 -5.288805e-02 -1.963564e-02 9.984074e-01 -8.688597e+00
-3.428811e-02 -9.992168e-01 -1.975347e-02 1.721497e+02 9.976335e-01 -3.539902e-02 5.894271e-02 1.157999e+02 -5.959580e-02 -1.768569e-02 9.980659e-01 -8.750714e+00
-1.943958e-02 -9.996315e-01 -1.894744e-02 1.720928e+02 9.981578e-01 -2.049333e-02 5.710577e-02 1.170258e+02 -5.747302e-02 -1.780242e-02 9.981883e-01 -8.814681e+00
-3.432751e-03 -9.998133e-01 -1.901553e-02 1.720595e+02 9.987003e-01 -4.394667e-03 5.077728e-02 1.182487e+02 -5.085137e-02 -1.881651e-02 9.985290e-01 -8.887968e+00
